0	2	29	
0.973223509896	0.0216605509097	0.228842355594	-0.734615266444	
-0.0275504313362	0.99936588607	0.0225744277487	-0.0842539582894	
-0.228208279858	-0.0282744284877	0.973201581426	0.638138990765	
0.0	0.0	0.0	1.0	
0	27	29	
0.0971935480682	0.55842148692	-0.823843525619	2.31396851939	
-0.288222285129	0.808085789401	0.513737309295	-0.963870989844	
0.95261539873	0.187519634589	0.239492167307	1.96373501501	
0.0	0.0	0.0	1.0	
1	27	29	
-0.107873868055	0.378282857815	-0.919382406589	2.2005028093	
-0.224580502932	0.891601242033	0.393204503607	-0.523297060453	
0.96846290387	0.24889259832	-0.0112256175782	2.57998877222	
0.0	0.0	0.0	1.0	
4	7	29	
0.968591007765	-0.0407591312806	0.245298067509	-0.744502405838	
0.0516597276924	0.997935244424	-0.0381671620169	-0.0272585506253	
-0.24323701342	0.0496396657222	0.968695200432	0.187048967978	
0.0	0.0	0.0	1.0	
8	12	29	
0.820882737594	-0.205603953363	0.53280131992	-0.427255073935	
0.106691253465	0.971731845568	0.210605676188	-0.067024847392	
-0.561041031313	-0.11603816336	0.819613867882	0.485340750974	
0.0	0.0	0.0	1.0	
9	11	29	
0.984282383366	-0.0646028886981	0.164354250071	-0.119141038629	
0.0224301176065	0.968879469775	0.246509146431	0.0652196130975	
-0.175164577715	-0.238948784966	0.955103049401	0.00062270250062	
0.0	0.0	0.0	1.0	
9	26	29	
-0.960805263573	0.101061568686	0.258137488479	-0.571394294707	
0.21289925064	0.865391847904	0.453622530952	-1.1076927417	
-0.177547475858	0.49080007771	-0.852989934116	4.93472542622	
0.0	0.0	0.0	1.0	
9	27	29	
-0.988955001301	0.0362435673712	0.14370659842	-0.346378136476	
0.12067742601	0.759815898654	0.638840971663	-0.977188817194	
-0.0860373821175	0.649127091073	-0.755799179237	4.64340728597	
0.0	0.0	0.0	1.0	
10	27	29	
-0.822840034983	-0.228066729708	0.520499439029	-2.52012111248	
0.177540561436	0.766913342296	0.616705559232	-0.943849700505	
-0.539825321228	0.599859128585	-0.590556176465	4.19398059842	
0.0	0.0	0.0	1.0	
10	28	29	
-0.812009750256	-0.234693449794	0.534377919343	-1.62374345537	
0.201949841193	0.746049488955	0.634531571793	-0.949670510394	
-0.547589847943	0.623161452574	-0.558403788346	4.12767114026	
0.0	0.0	0.0	1.0	
11	26	29	
-0.909830527373	0.0329132849191	0.413669650404	-1.33573686251	
0.310769780805	0.714657818032	0.626651090867	-2.28619392441	
-0.275006445236	0.698701503538	-0.660444072632	4.34910733709	
0.0	0.0	0.0	1.0	
11	27	29	
-0.955635808413	-0.0609875330414	0.288167134418	-1.06030090215	
0.201370048856	0.578722578832	0.790274893823	-2.10467763258	
-0.214965072694	0.813241349333	-0.540766024652	4.14002160617	
0.0	0.0	0.0	1.0	
11	28	29	
-0.948689790204	-0.0592734753864	0.310603531524	-0.228802231278	
0.227975697512	0.552476352895	0.801750118824	-1.99329331418	
-0.219123110441	0.831418565434	-0.510615003963	3.81733452886	
0.0	0.0	0.0	1.0	
12	19	29	
0.375614779467	-0.21063505097	0.902520688168	-2.98728063773	
0.419997896862	0.906778045424	0.0368332612348	-0.648449453649	
-0.826144985014	0.365222275233	0.429066281196	1.09692540827	
0.0	0.0	0.0	1.0	
13	15	29	
0.956364411952	-0.1028229707	0.273486600007	-0.486687412636	
0.117607071381	0.992326126669	-0.0381759283578	-0.19403517416	
-0.26746289809	0.0686741713649	0.96111787401	0.40053778099	
0.0	0.0	0.0	1.0	
14	20	29	
0.330853336425	-0.541839072054	0.772622674919	-1.48649686244	
0.560206713587	0.771632722831	0.301253805275	-0.846335414399	
-0.759411134132	0.33315747331	0.558838964657	1.10320673957	
0.0	0.0	0.0	1.0	
15	20	29	
0.510450784839	-0.481392933242	0.712530831184	-1.46724988368	
0.405343889488	0.865481911255	0.2943449012	-0.442639834142	
-0.758378883812	0.138571497366	0.636914507525	0.835403865849	
0.0	0.0	0.0	1.0	
16	20	29	
0.447066547922	-0.414118106746	0.792866613678	-0.994829778213	
0.443780163139	0.872286060863	0.20537036963	-0.272745708373	
-0.776653291454	0.260044651111	0.573748254284	0.619528065707	
0.0	0.0	0.0	1.0	
17	20	29	
0.705061882751	-0.354025504003	0.614455353002	-0.266877014226	
0.412907166748	0.909389969075	0.0501656387715	-0.133941467847	
-0.576539853035	0.218344227974	0.787355099712	0.179383343349	
0.0	0.0	0.0	1.0	
18	20	29	
0.986016974829	-0.145552915814	0.0811545389223	-0.0966875697777	
0.148562062758	0.988375367624	-0.0323297522008	-0.166608272263	
-0.075505685318	0.0439342398952	0.996177197894	0.253467978056	
0.0	0.0	0.0	1.0	
25	27	29	
0.739492893986	-0.237260200364	0.629967417614	-0.227961444069	
0.234827943491	0.967963899919	0.0889019074334	-0.175872918173	
-0.630878252906	0.082191018299	0.771516600308	0.587496037757	
0.0	0.0	0.0	1.0	
