0	3	190	
0.981473397043	0.13855507584	-0.132248257845	-0.0030175927441	
-0.122808034028	0.985063671726	0.120610475207	-0.570569782637	
0.146988582971	-0.102135042662	0.983836308333	1.0922412657	
0.0	0.0	0.0	1.0	
0	4	190	
0.96546829123	0.162885206093	-0.203248212504	-0.33020711979	
-0.14475327071	0.984266149818	0.101186460548	-0.432441408808	
0.216540425147	-0.0682697041686	0.973865765004	0.625255556323	
0.0	0.0	0.0	1.0	
0	19	190	
0.998670418406	-0.0514726226917	0.00857373858384	-0.281473590259	
0.0521632170134	0.980871335051	-0.187663983157	0.0984524994351	
0.00125123891869	0.18785280327	0.982232178505	-0.365483352195	
0.0	0.0	0.0	1.0	
0	47	190	
0.848575475459	0.241735337986	-0.470586806602	0.880878007405	
-0.0591780975448	0.927274770046	0.369620119701	-0.990048710817	
0.525732524346	-0.285818641114	0.801185767233	1.03335782649	
0.0	0.0	0.0	1.0	
0	49	190	
0.979284905998	-0.194647829746	-0.055338624019	0.262787724448	
0.199620152199	0.974043130353	0.106469561587	-0.818193439238	
0.0331788896385	-0.115321576091	0.992754016607	0.733441525685	
0.0	0.0	0.0	1.0	
0	50	190	
0.979880460567	0.0799471269875	-0.182707107093	0.0611279448713	
-0.0726488520154	0.996248600017	0.0463045496497	-0.280416342652	
0.185734022106	-0.0321053812438	0.982050309273	0.458534125735	
0.0	0.0	0.0	1.0	
0	71	190	
0.999075400882	-0.0396777878718	-0.0142676998819	-0.450425314198	
0.0332490560333	0.949410354071	-0.312151048211	0.304975888431	
0.0259277587204	0.31140221033	0.949904787767	0.928206265573	
0.0	0.0	0.0	1.0	
0	73	190	
0.957364308719	-0.0997470643149	0.270926109597	-1.30947221519	
0.161969128903	0.962355471664	-0.218032739485	0.48588612071	
-0.238997451248	0.252632028126	0.937547623706	0.240313636283	
0.0	0.0	0.0	1.0	
0	75	190	
0.997715336894	0.0411060294465	-0.0523715898974	-1.39341697345	
-0.0357177572196	0.994288965338	0.0999397771452	-0.0615806575778	
0.0561787904839	-0.0978513241362	0.993563366423	-0.0136288037121	
0.0	0.0	0.0	1.0	
0	76	190	
0.998667286816	-0.0193843926358	-0.0485135230739	0.0377938225386	
0.0141520506594	0.994302769231	-0.105920031552	0.017100041446	
0.0502917022159	0.105084145169	0.993229681681	0.0625645137608	
0.0	0.0	0.0	1.0	
0	79	190	
0.801949928419	-0.20212779026	0.562195657067	-0.408892756672	
0.17560340592	0.97922689914	0.101567134974	-0.452112312857	
-0.571043794457	0.0172641441988	0.820774535697	0.945081985606	
0.0	0.0	0.0	1.0	
0	80	190	
0.99834068756	0.0526341506722	0.0241093871253	-0.628766093032	
-0.0463346046804	0.976102506167	-0.212376865962	-0.371723595641	
-0.0347088262535	0.210902200031	0.976916031468	0.473322739256	
0.0	0.0	0.0	1.0	
0	95	190	
0.999064639857	0.00440601696344	0.0438967761354	-0.227163409923	
0.00322614916577	0.985059181575	-0.172351831221	0.166531358934	
-0.0439986442906	0.172321842942	0.98410242112	-0.246896067052	
0.0	0.0	0.0	1.0	
0	109	190	
0.832238467546	0.086199474722	-0.547621523792	0.0740671578588	
-0.192287659446	0.971359402162	-0.139318638581	0.195654949048	
0.519955563594	0.221251791048	0.825009161667	1.21465046014	
0.0	0.0	0.0	1.0	
0	110	190	
0.889439473199	-0.0300325692125	0.455983707645	-0.649746627943	
0.144559387901	0.96504527955	-0.218416661582	0.412382229644	
-0.433515349682	0.260193203805	0.862733315886	0.598382499243	
0.0	0.0	0.0	1.0	
0	111	190	
0.990328260831	-0.0170233543548	0.137393562738	-0.997937094625	
0.0396364008282	0.985682678161	-0.163582060093	0.523682523852	
-0.132654332818	0.167449463667	0.976876192981	0.185258119195	
0.0	0.0	0.0	1.0	
0	124	190	
0.904022271272	0.0134966765194	-0.427271547384	-0.00588618095424	
0.0331667068995	0.994267070862	0.101590225179	-0.185029302936	
0.426201759999	-0.106021322722	0.89839719926	0.342459198575	
0.0	0.0	0.0	1.0	
0	125	190	
0.987669592062	-0.146955266403	0.0538962157658	0.100780302616	
0.14471144495	0.988514844953	0.0433358410776	-0.310201868361	
-0.0596505287943	-0.0350098842405	0.997604257209	0.647684403339	
0.0	0.0	0.0	1.0	
0	136	190	
0.947025365402	0.234101537061	-0.219975751378	-0.726930077085	
-0.162366199413	0.939708796952	0.301046108758	-0.620843643806	
0.277194015526	-0.249384474991	0.927918889384	0.0754575591053	
0.0	0.0	0.0	1.0	
0	146	190	
0.985526796625	-0.156474285686	-0.0649553909087	0.28576487235	
0.1620861634	0.982381158445	0.0928366165507	0.0774806202004	
0.0492936313173	-0.102024610719	0.993547254412	0.477326938493	
0.0	0.0	0.0	1.0	
0	153	190	
0.863550751853	0.0809572364968	-0.497799539976	-0.0152138040601	
-0.0275265938135	0.993160794193	0.113772897055	-0.11643310356	
0.503597049904	-0.0845527907153	0.859851617224	0.145994904123	
0.0	0.0	0.0	1.0	
0	183	190	
0.963440269957	-0.133339073951	0.232249909387	-1.71636812687	
0.0981066797423	0.982657904257	0.157150328663	-0.247797010916	
-0.249184395143	-0.12861082958	0.959849349015	0.0232136408063	
0.0	0.0	0.0	1.0	
0	184	190	
0.827520497376	-0.155292702009	0.539458957316	-1.6543622543	
0.162745793431	0.986034271364	0.0341991011997	-0.252069862641	
-0.537263066489	0.0595156092579	0.84127638467	-0.0368728823134	
0.0	0.0	0.0	1.0	
0	185	190	
0.831290694038	-0.205439604911	0.516390782069	-0.846346828193	
0.127740417648	0.974882944119	0.182204452284	-0.278498799511	
-0.540882948763	-0.0854888692029	0.836692505433	0.0653872988055	
0.0	0.0	0.0	1.0	
1	20	190	
0.972869329299	-0.127474889976	0.193235833631	-0.119855768151	
0.178865820287	0.943833511199	-0.277897327856	0.158946054665	
-0.14695789295	0.304910811299	0.941011301282	-0.0765110888405	
0.0	0.0	0.0	1.0	
1	48	190	
0.934369785793	-0.042250231828	-0.353743851203	0.68243811091	
0.130450724887	0.964535637824	0.229374504428	-0.896444991561	
0.331518167938	-0.260484326435	0.906765958721	0.437069455539	
0.0	0.0	0.0	1.0	
1	59	190	
0.982543089914	-0.131940933355	-0.131384897012	-0.106076378912	
0.0861272049418	0.94765376853	-0.307546582231	0.436994315767	
0.165083906965	0.290850093173	0.942463408594	0.76882534647	
0.0	0.0	0.0	1.0	
1	77	190	
0.99723921844	0.028844935442	-0.0689123545911	0.0511695323597	
-0.0407578690996	0.983168828791	-0.178248328255	0.0192473354904	
0.0626122345006	0.180555217324	0.981609921982	0.28474111253	
0.0	0.0	0.0	1.0	
1	78	190	
0.984472561978	0.0608328955718	-0.164837167006	0.0998903324831	
-0.108521078986	0.948363489815	-0.29812335346	-0.358680461588	
0.138191476748	0.311373952545	0.94022535027	0.605703908309	
0.0	0.0	0.0	1.0	
1	79	190	
0.882899515046	-0.197306558069	0.426158208205	-0.498343346344	
0.277373440596	0.951367726324	-0.13418659214	-0.261083727318	
-0.378955316116	0.236669399806	0.894678028906	0.392331969541	
0.0	0.0	0.0	1.0	
1	96	190	
0.987234681329	-0.0669610131861	0.144770004131	-0.0348912009953	
0.109308669685	0.945007511026	-0.308326706451	0.619974761469	
-0.116161937629	0.320202647276	0.940245613932	0.091043500392	
0.0	0.0	0.0	1.0	
1	125	190	
0.985440519695	-0.134529895105	-0.103968783362	0.0525925836869	
0.110187055826	0.971024295528	-0.212028849742	-0.0720226624844	
0.129480111853	0.197482942355	0.971721254628	0.221811289459	
0.0	0.0	0.0	1.0	
1	142	190	
0.683754093842	-0.526811976542	0.50493616466	-0.813957410432	
0.433532734367	0.849871872594	0.299617954629	-0.750049542797	
-0.586981392577	0.0140385452237	0.809491396436	0.830254862028	
0.0	0.0	0.0	1.0	
1	143	190	
0.797218922117	-0.474865088669	0.372758130859	-0.894359011132	
0.362356743002	0.870266072516	0.333663174843	-0.951575614414	
-0.482849152983	-0.130935352081	0.865863644	0.671473717273	
0.0	0.0	0.0	1.0	
1	144	190	
0.821588918067	-0.399771072559	0.406409381969	-0.611548735596	
0.340604199832	0.91590023106	0.212370402951	-0.826778521365	
-0.457136725755	-0.0360576769582	0.888663900773	0.53591503261	
0.0	0.0	0.0	1.0	
1	145	190	
0.938731772963	-0.22510060991	0.260957146556	0.112459040691	
0.220399062292	0.974238425076	0.0475237358416	-0.375714499304	
-0.264933421727	0.0129037714595	0.964175236938	0.370419221711	
0.0	0.0	0.0	1.0	
1	154	190	
0.981029227361	-0.194061060636	-0.00138392778585	0.175794749641	
0.192272190134	0.972930972165	-0.12847293612	-0.175494633048	
0.0262796704018	0.125758024466	0.991763428855	0.175873241761	
0.0	0.0	0.0	1.0	
1	185	190	
0.906868451014	-0.184385776374	0.378828556181	-0.790618540635	
0.222174989349	0.973220854116	-0.0581769355165	0.148307667366	
-0.357977991608	0.13695166246	0.923597594023	-0.469267737577	
0.0	0.0	0.0	1.0	
1	186	190	
0.957604214852	-0.0965041369662	0.271280592581	-0.0297475842749	
0.10196472179	0.994720164557	-0.00609436221179	-0.0257193813053	
-0.269274917829	0.0335186734107	0.962438091515	-0.134300384087	
0.0	0.0	0.0	1.0	
2	20	190	
0.993196474535	-0.0954979660175	0.067187232616	-0.139518080297	
0.108812053945	0.965669728405	-0.235990043437	0.45143802239	
-0.0423439197934	0.241682400228	0.96947071113	-0.567069260476	
0.0	0.0	0.0	1.0	
2	21	190	
0.974268813492	-0.0827253695787	0.20981572449	-0.150244711115	
0.0932700785709	0.994821535367	-0.0408766952467	-0.0333983538126	
-0.205347577078	0.059384108712	0.976919059536	0.0689173569511	
0.0	0.0	0.0	1.0	
2	22	190	
0.999541358185	0.0043708637506	0.0309537141492	-0.584802487109	
-0.00267843433285	0.998516927891	-0.0546699559096	-0.0808161341732	
-0.0311450080051	0.0545519104068	0.998053520147	0.116546407233	
0.0	0.0	0.0	1.0	
2	48	190	
0.898183447682	0.0536490700784	-0.436305505751	0.525735109485	
0.0899672041938	0.949063620301	0.301911159306	-0.62164338957	
0.430291794363	-0.310445111606	0.847621791121	0.0865740345676	
0.0	0.0	0.0	1.0	
2	77	190	
0.978797312632	0.0760846707467	-0.190372085739	-0.0199937376714	
-0.0997432706046	0.988030795091	-0.117935310919	0.321860095972	
0.179120466008	0.134411294679	0.974646806428	-0.182109463353	
0.0	0.0	0.0	1.0	
2	78	190	
0.953023290834	0.0907685880453	-0.289090326716	-0.0336091431355	
-0.162201170135	0.95871573508	-0.233688897613	-0.0396841062207	
0.255944135456	0.269590358199	0.928383737547	0.160415684032	
0.0	0.0	0.0	1.0	
2	79	190	
0.936734093355	-0.156574145695	0.313168458456	-0.596081031889	
0.199540613562	0.973717180428	-0.110039828292	0.0831235351021	
-0.287705376622	0.165556436822	0.943341127172	-0.125039227032	
0.0	0.0	0.0	1.0	
2	125	190	
0.970013434768	-0.0886050647948	-0.226344564356	-0.0178279918041	
0.0551750341178	0.987149611877	-0.149950178472	0.227277907233	
0.236724308817	0.132957671579	0.962443922654	-0.239919272389	
0.0	0.0	0.0	1.0	
2	141	190	
0.966686176127	-0.12471495764	0.223596950251	-0.846181774962	
0.135146745423	0.99032018319	-0.0319336120324	-0.386052325206	
-0.217447308991	0.0610822740597	0.974179291728	0.223439087745	
0.0	0.0	0.0	1.0	
2	142	190	
0.773329107437	-0.465314588584	0.430655769149	-0.991602286743	
0.35592686399	0.880734730907	0.312464587292	-0.359575194362	
-0.524692683441	-0.088362707393	0.84670950668	0.296934115338	
0.0	0.0	0.0	1.0	
2	143	190	
0.869265378762	-0.396199249852	0.295660977359	-1.06742282469	
0.28374659143	0.889617906007	0.357872253279	-0.564283361792	
-0.404816016981	-0.227201206166	0.885730383664	0.139979275167	
0.0	0.0	0.0	1.0	
2	144	190	
0.889051178513	-0.329225129126	0.318120853917	-0.763308477126	
0.261990115915	0.935720433379	0.236183131301	-0.465344930484	
-0.375432371102	-0.126640193893	0.918159880869	0.032004430181	
0.0	0.0	0.0	1.0	
2	145	190	
0.975408319754	-0.157526682818	0.154134140292	0.00399284978564	
0.145690247819	0.985635900701	0.0853213909709	-0.0707134890193	
-0.165357587465	-0.0607709283561	0.984358518606	-0.0707349077974	
0.0	0.0	0.0	1.0	
2	154	190	
0.982833384269	-0.139467723299	-0.12113723208	0.102322190606	
0.131425754725	0.988745951254	-0.0720080423051	0.113843389521	
0.129815836141	0.0548385830477	0.990075663267	-0.266230237062	
0.0	0.0	0.0	1.0	
2	164	190	
0.919628153268	-0.245567355903	-0.306546474762	0.214633687567	
0.300070409349	0.942829113186	0.144946648353	-0.651367510852	
0.253429382063	-0.225300827894	0.940756140207	0.0316441427074	
0.0	0.0	0.0	1.0	
2	186	190	
0.986449703433	-0.0309391194849	0.160871331579	-0.0564394138257	
0.0262476176928	0.999126653178	0.0311478814295	0.258510802529	
-0.161700292353	-0.0264885610542	0.986446040202	-0.604986758603	
0.0	0.0	0.0	1.0	
3	5	190	
0.938235418428	0.138779160115	-0.316924866975	-0.712084223627	
-0.130187002975	0.990308196314	0.0482443536868	0.333593423866	
0.320560474413	-0.00400448703632	0.94721356516	-0.816509634967	
0.0	0.0	0.0	1.0	
3	22	190	
0.883196777152	-0.219717816975	0.414429481384	-0.294008773951	
0.196648731275	0.97557215037	0.0981295819417	-0.045905456711	
-0.42586793822	-0.00518073465821	0.904809316456	0.148752633678	
0.0	0.0	0.0	1.0	
3	39	190	
0.996601070992	-0.0610197318802	-0.0560598918448	-0.405059304474	
0.0485779567619	0.978369964042	-0.20124483534	0.256822536539	
0.0671285523799	0.197822475164	0.977986817462	-0.424322683435	
0.0	0.0	0.0	1.0	
3	40	190	
0.994417576084	0.00756655373401	-0.105592735501	0.0333054809824	
-0.031102868169	0.974342729123	-0.223047132777	-0.0224539079866	
0.101197526828	0.225071985262	0.969119998414	-0.0559667794507	
0.0	0.0	0.0	1.0	
3	46	190	
0.581319135917	0.121437161693	-0.804561980645	0.899955338688	
-0.187626351832	0.982153887838	0.0126823050891	-0.289298755514	
0.791762706317	0.143577933619	0.593735314868	-0.172570434007	
0.0	0.0	0.0	1.0	
3	47	190	
0.917418081026	0.0813686325671	-0.389507077799	0.910401779506	
0.00558261937802	0.9761305409	0.21707208501	-0.284738289297	
0.397883995921	-0.201336101339	0.895077280499	-0.225427606364	
0.0	0.0	0.0	1.0	
3	48	190	
0.942504978368	-0.300094261912	-0.147007683938	0.820447196517	
0.332610502383	0.884799847938	0.326303616007	-0.347498269295	
0.0321485405115	-0.356460644125	0.933756544455	-0.291394866974	
0.0	0.0	0.0	1.0	
3	49	190	
0.941524871301	-0.327622005877	0.0785339620706	0.238558314238	
0.32893994773	0.944323300883	-0.00418450649663	-0.170453776227	
-0.0727948550229	0.0297647267915	0.996896564754	-0.418031321681	
0.0	0.0	0.0	1.0	
3	50	190	
0.997971522802	-0.0486034725942	-0.0406619436375	-0.0658242777739	
0.0452328898309	0.995744859854	-0.0800065495595	0.359439180925	
0.0443808231985	0.0779999857822	0.995953971303	-0.596969619437	
0.0	0.0	0.0	1.0	
3	67	190	
0.712890032589	-0.182987566144	-0.676979210188	-0.18364121478	
-0.222874615437	0.856177941791	-0.466117180313	0.817407228476	
0.664923614734	0.483176204421	0.569596345672	0.079691858151	
0.0	0.0	0.0	1.0	
3	68	190	
0.936111111021	-0.0489596562046	-0.348254028453	0.243185268788	
-0.120143129446	0.886147296463	-0.447520531531	0.780314900899	
0.330525036528	0.460776253948	0.823681577579	0.423577243719	
0.0	0.0	0.0	1.0	
3	70	190	
0.960783187961	-0.25552199026	-0.10754657206	-0.697013068175	
0.203341003648	0.913199133183	-0.353089906952	0.499488896876	
0.188433522775	0.317380352504	0.929386209321	0.522775820187	
0.0	0.0	0.0	1.0	
3	71	190	
0.980315814021	-0.109770460738	0.163958473729	-0.570768341931	
0.168533175496	0.897945098003	-0.406493741615	0.817249055156	
-0.10261293441	0.426136819863	0.898815688053	0.00338592583084	
0.0	0.0	0.0	1.0	
3	75	190	
0.991897507749	-0.096149133284	0.0823669999996	-1.58973253104	
0.0973168350771	0.995147966882	-0.0102884564035	0.421700221138	
-0.0809884315667	0.0182154090268	0.996512872692	-0.842749103967	
0.0	0.0	0.0	1.0	
3	76	190	
0.985841851953	-0.125692531714	0.111386845521	-0.183468804058	
0.147175978286	0.966052698695	-0.212509002064	0.689728450728	
-0.0808914746702	0.225878374287	0.970844908867	-0.947579876629	
0.0	0.0	0.0	1.0	
3	77	190	
0.967022967682	-0.12312376114	0.223135934344	0.0011291856678	
0.128936889983	0.991620762502	-0.0116368580921	0.415790334322	
-0.219828354989	0.0400114378343	0.974767009493	-0.370953507715	
0.0	0.0	0.0	1.0	
3	78	190	
0.987970175395	-0.052251734164	0.145804969932	0.205450094595	
0.0743527419843	0.985836633454	-0.150543750349	0.112643488826	
-0.135869302288	0.159561155119	0.977839617059	-0.0324548368707	
0.0	0.0	0.0	1.0	
3	80	190	
0.980455647305	-0.0372172813185	0.193342238831	-0.72956477479	
0.0962281235674	0.947294441159	-0.305649296831	0.172394154356	
-0.171772832106	0.318269076861	0.932349637854	-0.502190603782	
0.0	0.0	0.0	1.0	
3	90	190	
0.867055177709	0.0435835026784	-0.496267796555	0.680677475303	
0.0527351681242	0.98252437205	0.178442015484	0.122063079471	
0.495394242467	-0.180903574291	0.849617720332	0.108321954841	
0.0	0.0	0.0	1.0	
3	91	190	
0.912494334881	-0.0583956863476	-0.404845859943	0.573640272791	
0.112276443242	0.987479255012	0.110653622231	-0.243749952986	
0.393335598671	-0.146435723096	0.907646864485	0.120104132512	
0.0	0.0	0.0	1.0	
3	93	190	
0.894413853737	-0.271834813552	-0.355072144453	-0.156165829277	
0.150699085628	0.930791770855	-0.33294108049	-0.419958865864	
0.421023422057	0.2442922245	0.8735150046	0.267126641475	
0.0	0.0	0.0	1.0	
3	98	190	
0.848147826025	-0.183097800615	0.497182115605	-0.575091489516	
0.292916453773	0.943998330492	-0.15204503925	0.613245136747	
-0.441499393079	0.274574659416	0.854268528725	0.389413064128	
0.0	0.0	0.0	1.0	
3	99	190	
0.985703842168	-0.0538229208084	-0.159850373541	-0.44761408507	
0.000894196702603	0.949400300826	-0.314127428067	0.580549892336	
0.168671034004	0.309481092278	0.93586439971	0.335054152853	
0.0	0.0	0.0	1.0	
3	109	190	
0.916881784111	-0.00216926835368	-0.399110335408	-0.000450990699506	
-0.127215016471	0.946215683995	-0.297382242109	0.752973552949	
0.378306121769	0.32344041919	0.867319765601	0.202656142275	
0.0	0.0	0.0	1.0	
3	111	190	
0.947636186732	-0.113149479452	0.298531677144	-1.2442142872	
0.189810616201	0.951518420371	-0.241882001834	1.03271581945	
-0.256709084179	0.285885484599	0.923213352177	-0.628784861874	
0.0	0.0	0.0	1.0	
3	124	190	
0.945867768232	-0.124445806823	-0.299786782898	-0.160374890399	
0.114398436021	0.992135418184	-0.05088728132	0.455973907024	
0.303764034403	0.0138260635712	0.95266362004	-0.690803814659	
0.0	0.0	0.0	1.0	
3	125	190	
0.942852947019	-0.270784301927	0.194214040197	0.00455548276977	
0.28549347564	0.956984345582	-0.0517367300498	0.316272494345	
-0.171858120787	0.104218509406	0.979606942083	-0.419707992193	
0.0	0.0	0.0	1.0	
3	126	190	
0.987227966145	-0.0997728847156	-0.124241835998	0.376040032592	
0.119404682948	0.979496135243	0.16224782188	-0.039330705792	
0.105505386426	-0.175024765857	0.978901704833	-0.155193293192	
0.0	0.0	0.0	1.0	
3	135	190	
0.97736933612	0.0336987898632	-0.209049859675	-1.17858789024	
0.00269698322969	0.98522748352	0.171450041618	0.049647054801	
0.21174132301	-0.1681394398	0.962806040374	-0.733047681457	
0.0	0.0	0.0	1.0	
3	136	190	
0.990186486695	0.0777044722847	-0.116483226133	-0.853799163197	
-0.0570400997627	0.983600056631	0.171300359135	-0.045973881512	
0.127889276784	-0.162980477705	0.978350112787	-0.910700808882	
0.0	0.0	0.0	1.0	
3	137	190	
0.914757184325	0.155836315041	-0.37282474263	-0.384207423764	
-0.151229644732	0.987644571566	0.0417834497993	-0.210457149528	
0.374733656568	0.0181534408289	0.927000078599	-0.172917642389	
0.0	0.0	0.0	1.0	
3	138	190	
0.992067208771	-0.0820803616096	-0.0955376153249	-0.587310850459	
0.103437824267	0.96371495811	0.246182887948	-0.0418264311945	
0.0718695683533	-0.254118778095	0.964535466694	0.384535351197	
0.0	0.0	0.0	1.0	
3	146	190	
0.954629611108	-0.289224342547	0.0708860453009	0.113463899712	
0.291184736662	0.956468014489	-0.0190275861712	0.741203137534	
-0.0622927375835	0.038804185914	0.997304555061	-0.565022256512	
0.0	0.0	0.0	1.0	
3	153	190	
0.924975357418	-0.05494205025	-0.376171680936	-0.206832587958	
0.0410978120293	0.998199970606	-0.0447214424853	0.542321093142	
0.377942709035	0.0258927829394	0.925537028274	-0.874590963243	
0.0	0.0	0.0	1.0	
3	155	190	
0.931256199011	0.0288887824757	-0.363336428784	0.404640206804	
0.00829244711102	0.994956303118	0.100374068466	0.0458728297819	
0.364397699569	-0.0964964674672	0.926291036241	-0.245161373767	
0.0	0.0	0.0	1.0	
3	162	190	
0.800227688305	-0.136136419253	-0.584053408663	-0.271858586431	
0.230243258072	0.969003606453	0.0896098806868	-0.247336958279	
0.553753545305	-0.206198986162	0.806771210777	-0.764151741533	
0.0	0.0	0.0	1.0	
3	163	190	
0.880960898579	-0.408880591413	-0.238189659198	-0.0397445770722	
0.422227214893	0.906471689886	0.00561325817703	-0.400461754778	
0.213616745012	-0.105530821088	0.971217221915	-0.352995202063	
0.0	0.0	0.0	1.0	
3	164	190	
0.844175435505	-0.534397852589	0.0422792053422	0.528849608068	
0.514754078261	0.830116311472	0.214289086067	-0.447662825119	
-0.149619677344	-0.159148896373	0.975860861495	-0.216405147749	
0.0	0.0	0.0	1.0	
3	165	190	
0.987385128939	-0.091274129584	-0.129341830736	0.538155898912	
0.0966117458808	0.994673069101	0.0356547613973	-0.26398662235	
0.125400873162	-0.0477145841334	0.990963032159	-0.339703335537	
0.0	0.0	0.0	1.0	
3	182	190	
0.974165464626	-0.17007708952	-0.148498078719	-1.44736567746	
0.19266832264	0.969060396587	0.154174464535	0.0422444562301	
0.117688697394	-0.178800803224	0.976812663603	-0.823882632422	
0.0	0.0	0.0	1.0	
3	183	190	
0.896936149639	-0.270459116468	0.349739957078	-1.87842246651	
0.255585454348	0.962661641333	0.0889483678711	0.189751504	
-0.360750598961	0.00962056434386	0.932600581917	-0.786249382966	
0.0	0.0	0.0	1.0	
3	187	190	
0.994074216522	0.0886800381356	-0.0622047784475	0.152023569704	
-0.0854628578978	0.994898662188	0.0528122422292	-0.0507429996601	
0.0665810904112	-0.0471709952785	0.996627345832	-0.0254425738845	
0.0	0.0	0.0	1.0	
4	37	190	
0.262713217844	0.288554500597	-0.920683589118	1.38502687396	
-0.327926670216	0.924106385279	0.196060455531	-0.127114997948	
0.907434608275	0.250412008623	0.337403106918	0.449277265044	
0.0	0.0	0.0	1.0	
4	38	190	
0.997622547954	-0.0487887915837	-0.0496945321678	-0.150174788146	
0.0369629325589	0.97576929906	-0.215850173578	0.511228723672	
0.0590216144684	0.213482118668	0.975223116228	-0.921586686608	
0.0	0.0	0.0	1.0	
4	39	190	
0.996880598745	-0.0776883117072	0.0167253600851	-0.00367008208879	
0.0794077782876	0.981691153111	-0.173351026337	0.117593427395	
-0.00294992242328	0.174122864238	0.984772871645	-0.0281612089597	
0.0	0.0	0.0	1.0	
4	40	190	
0.999481652334	-0.00731825597497	-0.0325970282805	0.467124973316	
0.000754909684922	0.980470980905	-0.196834761948	-0.137695892723	
0.0334028375069	0.196693241359	0.979946314079	0.316840912688	
0.0	0.0	0.0	1.0	
4	46	190	
0.639263924213	0.100460337431	-0.762400726178	1.33170029165	
-0.14687557733	0.989127549488	0.00718825222251	-0.382713241425	
0.754849171028	0.107374605434	0.647073721004	0.148419514744	
0.0	0.0	0.0	1.0	
4	47	190	
0.941705797597	0.0372709887558	-0.334365033012	1.33838767924	
0.0440805835829	0.971600629483	0.232460713506	-0.379440123878	
0.333541367449	-0.233665087631	0.913328478873	0.0948621169421	
0.0	0.0	0.0	1.0	
4	49	190	
0.92378312281	-0.353905446397	0.146131396813	0.651801998841	
0.353734023915	0.934911890904	0.0280033404735	-0.290487376848	
-0.146537837636	0.0258140483549	0.988865689903	-0.054203568663	
0.0	0.0	0.0	1.0	
4	50	190	
0.996806216944	-0.0739798315029	0.0295493159225	0.319723067219	
0.0754227844941	0.995815462159	-0.0512327884394	0.224764201264	
-0.0256356980734	0.0532909891642	0.998242340437	-0.226530002279	
0.0	0.0	0.0	1.0	
4	57	190	
0.961622728008	-0.170345730803	-0.215323585007	0.0231455511656	
0.120841207104	0.966838163598	-0.225185754617	0.819522868599	
0.246536386063	0.190505835179	0.950290483987	-0.76741225036	
0.0	0.0	0.0	1.0	
4	58	190	
0.813654532942	-0.0841882715541	-0.575301334126	0.155771122789	
0.000998678329258	0.989704763403	-0.143410604744	0.729674206944	
0.581437260249	0.116096657468	0.805339670561	-0.191043120769	
0.0	0.0	0.0	1.0	
4	70	190	
0.964610483373	-0.261514905192	-0.0332198043458	-0.238013234757	
0.236639202944	0.91453183512	-0.328013643704	0.380011836583	
0.116157469484	0.308548923311	0.944091784361	0.929620975132	
0.0	0.0	0.0	1.0	
4	71	190	
0.965404352504	-0.108313037482	0.237105770527	-0.157216589078	
0.193694757417	0.90677447611	-0.374426685822	0.685568991967	
-0.174457130055	0.407408906858	0.896427244605	0.394097484837	
0.0	0.0	0.0	1.0	
4	73	190	
0.849131574154	-0.180909812534	0.496158820378	-1.16176885778	
0.331686488411	0.913744174406	-0.234488106946	0.770674297849	
-0.410964877566	0.363692177141	0.835947599108	-0.0829254854536	
0.0	0.0	0.0	1.0	
4	74	190	
0.968741838483	-0.157348828621	0.191546065441	-1.29228476551	
0.181345980591	0.976640372164	-0.114890736725	0.630132698626	
-0.169008302095	0.1460365847	0.974711607542	-0.209870893029	
0.0	0.0	0.0	1.0	
4	75	190	
0.98062542834	-0.125433835131	0.15011656102	-1.21855547691	
0.123524256284	0.992048608997	0.0220041546835	0.235470493017	
-0.15169779815	-0.00304247587131	0.988390098716	-0.368574757425	
0.0	0.0	0.0	1.0	
4	76	190	
0.973050609728	-0.139894998911	0.183569377546	0.168381701751	
0.173167783265	0.968353642796	-0.179971092998	0.540841449059	
-0.152578499531	0.206893282086	0.966450358116	-0.577317144026	
0.0	0.0	0.0	1.0	
4	80	190	
0.963085091886	-0.0448126804657	0.265564512376	-0.32994673145	
0.119381343795	0.954945564014	-0.271812596938	0.0215054081235	
-0.24141474208	0.293469406497	0.925028937091	-0.0811383319471	
0.0	0.0	0.0	1.0	
4	81	190	
0.959812697478	0.0518395791682	-0.275913240761	-0.407542501732	
-0.0645715018748	0.997242390805	-0.037245373605	0.346580355795	
0.273223852276	0.0535531323746	0.9604990508	-0.542323758809	
0.0	0.0	0.0	1.0	
4	89	190	
0.490537272747	0.229577611217	-0.840620427763	0.874592429471	
-0.172746832029	0.971142687744	0.164425807353	0.0418789908303	
0.854135322464	0.0645504651121	0.516047731157	0.368501279364	
0.0	0.0	0.0	1.0	
4	90	190	
0.896644967291	0.000780577827037	-0.442719838183	1.11937766608	
0.0926596081023	0.977507851857	0.189408771903	0.0303706035441	
0.432928153676	-0.210869154884	0.876415961921	0.43211762113	
0.0	0.0	0.0	1.0	
4	91	190	
0.933185900568	-0.0987276413613	-0.34551513865	1.02475654214	
0.150402974296	0.980539659994	0.126067380956	-0.337871537443	
0.326361434601	-0.169621773589	0.929893234866	0.461454655598	
0.0	0.0	0.0	1.0	
4	99	190	
0.994383490799	-0.0620339113697	-0.0861435710026	-0.00456256875773	
0.0344963764556	0.956305094903	-0.29040505892	0.462592023203	
0.100395153686	0.285788725411	0.953059801324	0.722999543228	
0.0	0.0	0.0	1.0	
4	109	190	
0.943950381188	-0.00947777323042	-0.329909323734	0.4270311006	
-0.089204983885	0.955037756661	-0.282659004943	0.643842153069	
0.317766739518	0.296246431056	0.900689655351	0.555395148388	
0.0	0.0	0.0	1.0	
4	111	190	
0.921694695858	-0.122862869576	0.367867767967	-0.878376256272	
0.209384102436	0.955995560847	-0.205328751129	0.862381510209	
-0.326476106676	0.266278767695	0.906901391083	-0.196042355563	
0.0	0.0	0.0	1.0	
4	112	190	
0.994912600922	0.0141254293889	0.0994191557892	-0.19526361583	
0.0196913536718	0.943343970673	-0.331102961958	0.916617431828	
-0.098473306076	0.331385284917	0.938312935226	-0.636129706148	
0.0	0.0	0.0	1.0	
4	124	190	
0.96031906666	-0.153856526289	-0.23269414043	0.216077942002	
0.150802056821	0.988087609241	-0.0309408681405	0.315662167771	
0.23468231562	-0.00538956858384	0.972077053596	-0.316302118251	
0.0	0.0	0.0	1.0	
4	126	190	
0.987947949667	-0.141683740375	-0.0624508203694	0.802690007112	
0.151053192445	0.970507560295	0.187880016374	-0.147610896677	
0.0339857465203	-0.195063384941	0.980212463062	0.194790048833	
0.0	0.0	0.0	1.0	
4	135	190	
0.988940777872	-0.00829358899406	-0.148400233273	-0.789596274208	
0.0373485162784	0.980305364514	0.194135623699	-0.121063885467	
0.143869514174	-0.19753599708	0.969736082305	-0.277048825168	
0.0	0.0	0.0	1.0	
4	136	190	
0.99787712712	0.0359901771023	-0.0550313481814	-0.474815758179	
-0.0244815372816	0.980108371463	0.197132824972	-0.212527538046	
0.0610370884805	-0.195371992225	0.978875769962	-0.47387473696	
0.0	0.0	0.0	1.0	
4	137	190	
0.942332134144	0.126077821782	-0.310138362847	0.0486508084168	
-0.113367522422	0.991846401002	0.0587647186507	-0.341134840721	
0.315021565228	-0.0202233537525	0.948916345785	0.234180075329	
0.0	0.0	0.0	1.0	
4	138	190	
0.990983936066	-0.128922505036	-0.0373988628229	-0.121254736224	
0.134231101565	0.952879277391	0.272142529248	-0.161805837207	
0.000556187750776	-0.27471497008	0.961565406258	0.799350021178	
0.0	0.0	0.0	1.0	
4	146	190	
0.938732556571	-0.315376707635	0.138991714939	0.488869570352	
0.316706069487	0.948429152731	0.0129639005951	0.612347599437	
-0.135910400248	0.0318485097539	0.99021344181	-0.217672558778	
0.0	0.0	0.0	1.0	
4	152	190	
0.928991404494	-0.0865890308049	-0.359993436198	-0.0372086135485	
0.0019042013805	0.973429443071	-0.229208693403	0.597063465089	
0.370263031795	0.212226553095	0.90443828665	-0.821071138408	
0.0	0.0	0.0	1.0	
4	153	190	
0.946789249825	-0.0839146598207	-0.310898912051	0.154599427193	
0.0791855473602	0.996521518082	-0.027806074446	0.395075121458	
0.312142482094	0.00169464282938	0.950105774934	-0.498801820212	
0.0	0.0	0.0	1.0	
4	155	190	
0.953147906564	-0.00852683419044	-0.302537370462	0.822465794771	
0.0461840654143	0.992036004413	0.117558072085	-0.0643523294719	
0.299119957986	-0.126031643323	0.945918827516	0.100721179254	
0.0	0.0	0.0	1.0	
4	162	190	
0.828474038365	-0.179738025007	-0.53042174002	0.12168456164	
0.269829881016	0.958035837616	0.0968260859584	-0.392468481501	
0.49075999542	-0.223357684004	0.842207811983	-0.362119917478	
0.0	0.0	0.0	1.0	
4	163	190	
0.879948160987	-0.442952851026	-0.171756902941	0.38580621266	
0.453780093174	0.890680804271	0.0278510334864	-0.526403481846	
0.140641552555	-0.102462420158	0.984764044918	0.0362219745683	
0.0	0.0	0.0	1.0	
4	165	190	
0.990160725176	-0.125034188662	-0.062800971995	0.958777369846	
0.12888147415	0.989737167554	0.0616107839438	-0.372913912653	
0.0544527858975	-0.0691127607506	0.996130239185	0.00592023066461	
0.0	0.0	0.0	1.0	
4	182	190	
0.973482309915	-0.211725668633	-0.0865315697692	-1.06356398779	
0.224240686959	0.95793182028	0.179048602797	-0.138968212672	
0.0449856655012	-0.193702516298	0.980022955486	-0.348942883511	
0.0	0.0	0.0	1.0	
4	183	190	
0.862036671046	-0.298836857815	0.409335131388	-1.49542893516	
0.270512312226	0.9542851817	0.126979577537	-0.0029415596424	
-0.428583077722	0.00128169379523	0.903492694218	-0.285893526122	
0.0	0.0	0.0	1.0	
4	184	190	
0.659068432642	-0.279784453637	0.698066443505	-1.44795525949	
0.33166483397	0.941188255579	0.0640959084739	0.00705514422148	
-0.674975328857	0.189302164834	0.713129687765	-0.357447556998	
0.0	0.0	0.0	1.0	
4	187	190	
0.998470746538	0.0544487676168	0.00400286634194	0.588460213619	
-0.054606555529	0.995189669218	0.0808673910398	-0.161607032044	
0.000425062629485	-0.0809522829852	0.996682336744	0.339907687203	
0.0	0.0	0.0	1.0	
5	37	190	
0.518003117868	0.256018392662	-0.816137225137	1.90528111724	
-0.334915205799	0.938658602268	0.0818913721411	-0.148489391464	
0.787081338223	0.230919651729	0.571982063041	0.363068587057	
0.0	0.0	0.0	1.0	
5	50	190	
0.944679011019	-0.15023157884	0.291522709226	0.673359627644	
0.18311862598	0.979050124863	-0.0888643426816	0.114406079005	
-0.272074474075	0.137327937737	0.95242244242	0.00437670199713	
0.0	0.0	0.0	1.0	
5	58	190	
0.932639928856	-0.143222714271	-0.331314727897	0.4778148582	
0.06447940382	0.969293909675	-0.237489617467	0.596876107591	
0.355145387946	0.200111923402	0.913209790421	0.114196043229	
0.0	0.0	0.0	1.0	
5	74	190	
0.870712825068	-0.204593859062	0.447118583677	-0.909961204189	
0.291231410409	0.94721863197	-0.133717354998	0.34312990093	
-0.396186210461	0.246650977217	0.884397880476	0.456004123252	
0.0	0.0	0.0	1.0	
5	75	190	
0.892011747465	-0.213927552674	0.398056712885	-0.843330199585	
0.234357645479	0.972099935427	-0.00274893450084	-0.0344432944631	
-0.386389798272	0.09573858708	0.917322817001	0.257556417173	
0.0	0.0	0.0	1.0	
5	81	190	
0.999513944339	-0.0293315801594	-0.0132274365062	-0.118935724255	
0.0277592422015	0.993980286421	-0.106246282762	0.170260857819	
0.0162676574703	0.105815864113	0.994293836315	-0.108000338365	
0.0	0.0	0.0	1.0	
5	89	190	
0.70876809158	0.146830044791	-0.68998055642	1.37787039691	
-0.154082145638	0.986704615651	0.0517085844482	-0.0321520343439	
0.688418989192	0.0696598875483	0.72197620521	0.425770878484	
0.0	0.0	0.0	1.0	
5	94	190	
0.863955838064	0.0379696768181	-0.502078874893	1.05764263109	
-0.0361621208807	0.999232812665	0.0133642893643	-0.27820772819	
0.502224402737	0.00660932009646	0.864692899362	0.632984900136	
0.0	0.0	0.0	1.0	
5	99	190	
0.978783057385	-0.0748928820083	0.190912292299	0.585126367073	
0.137008708811	0.931502613759	-0.337019988819	0.276658103685	
-0.152594391525	0.356011561288	0.92198412762	1.01888667064	
0.0	0.0	0.0	1.0	
5	133	190	
0.983202234183	-0.161113512486	-0.0864732479244	-0.239322247851	
0.154036750759	0.984619584081	-0.0830566116407	0.393921774041	
0.0985222193251	0.068327879567	0.992852894776	-0.239541607699	
0.0	0.0	0.0	1.0	
5	134	190	
0.98486599695	-0.157735041786	-0.0725957557431	-0.311177024579	
0.164961972117	0.980452842638	0.107686509139	0.105881272805	
0.0541907108095	-0.118038500808	0.991591078641	0.0713277355016	
0.0	0.0	0.0	1.0	
5	135	190	
0.984534938713	-0.150543868139	0.0901716075034	-0.373974271024	
0.13746485922	0.981042496982	0.136922022845	-0.346275233227	
-0.109068526438	-0.122414266764	0.986523972977	0.213211334797	
0.0	0.0	0.0	1.0	
5	136	190	
0.977458373405	-0.107390180934	0.182023951534	-0.113742005013	
0.0804205620253	0.985517389124	0.149558187377	-0.395184124582	
-0.195439768628	-0.131553161116	0.97190260593	-0.0626178664582	
0.0	0.0	0.0	1.0	
5	137	190	
0.998076621901	0.0234533786035	-0.0580861526588	0.584763285833	
-0.0243143327285	0.999640648078	-0.0140753562168	-0.495859170346	
0.0577402781511	0.0154540255881	0.998258337349	0.479463503626	
0.0	0.0	0.0	1.0	
5	147	190	
0.954578027161	-0.0796945646371	-0.287083085621	0.735991881573	
-0.0357480052848	0.925969367655	-0.375871539432	0.62515437705	
0.295798688026	0.369071785408	0.881082179352	0.280312559916	
0.0	0.0	0.0	1.0	
5	152	190	
0.988793060998	-0.119135219595	-0.0906639491767	0.141606968213	
0.0864804378572	0.948906171189	-0.303660423253	0.470374464794	
0.122204496651	0.292392968168	0.94853624053	-0.453892810303	
0.0	0.0	0.0	1.0	
5	153	190	
0.983653934126	-0.173201547457	-0.0504335857803	0.428257704687	
0.167556995856	0.980810485771	-0.10020167528	0.277060412247	
0.0668203237361	0.0900979453585	0.993759824364	-0.205079766144	
0.0	0.0	0.0	1.0	
5	155	190	
0.989475809886	-0.13335790224	-0.0570388106789	1.26836634197	
0.135995049827	0.989722672936	0.0452678655986	-0.132242189991	
0.0504167768513	-0.0525582247511	0.997406217334	0.173382845003	
0.0	0.0	0.0	1.0	
5	159	190	
0.769573718026	0.0680217641898	-0.634968019886	1.36448759946	
-0.0462956600624	0.997663585502	0.050771868285	-0.437096386061	
0.636931926153	-0.00968802469981	0.770912808007	-0.0076076618988	
0.0	0.0	0.0	1.0	
5	162	190	
0.89834286528	-0.319978844582	-0.301036584023	0.505452343612	
0.336854881166	0.941557869396	0.00445483365824	-0.514421990638	
0.282015873775	-0.105420744942	0.953628108291	-0.11795665722	
0.0	0.0	0.0	1.0	
5	182	190	
0.926648137037	-0.343048266922	0.153722923287	-0.654307393535	
0.325529671339	0.936793995867	0.128161087987	-0.390544109326	
-0.187977132327	-0.0687085901365	0.979766785376	0.211998824333	
0.0	0.0	0.0	1.0	
6	15	190	
0.960764878287	0.0405252945664	-0.274274662671	-0.094117627704	
-0.0561903266697	0.997160389072	-0.0494816880054	-0.251320491942	
0.271507035616	0.0629609138674	0.960339362174	0.476935919825	
0.0	0.0	0.0	1.0	
6	27	190	
0.43922464198	0.431404651819	-0.788035310451	1.35309396044	
-0.464872650284	0.85974406063	0.211564676166	-0.189006071929	
0.768793054784	0.273404592834	0.578158461244	0.651394047515	
0.0	0.0	0.0	1.0	
6	28	190	
0.413858801045	0.401148923772	-0.817204309251	0.568272383828	
-0.468104255588	0.863691574891	0.18691387639	-0.173233115157	
0.780808231298	0.305174819944	0.545217625046	0.532563070309	
0.0	0.0	0.0	1.0	
6	51	190	
0.996904171689	-0.0327326703941	-0.0713167266439	0.521278355291	
0.0268433442768	0.996254359769	-0.0820005715739	0.380113997024	
0.0737363161752	0.0798264324567	0.994073726411	-0.120096880468	
0.0	0.0	0.0	1.0	
6	82	190	
0.97582570973	-0.103986425352	0.192400711886	-0.385514532849	
0.124726936204	0.987263912609	-0.099030715208	0.187279337099	
-0.179647989301	0.120621233088	0.976349175899	-0.115993299346	
0.0	0.0	0.0	1.0	
6	83	190	
0.909946365623	0.150418635723	-0.386558035115	-0.345648045273	
-0.206084657828	0.972734961722	-0.106593664125	0.254430355647	
0.359990638792	0.176646563941	0.916122622919	-0.222688610146	
0.0	0.0	0.0	1.0	
6	118	190	
0.698407803137	0.217508949543	-0.681905844012	1.72135016027	
-0.301300552817	0.953554482372	-0.00442834506523	0.0816089570501	
0.649261459217	0.208536363248	0.731485205324	0.175762320782	
0.0	0.0	0.0	1.0	
6	130	190	
0.702735452397	0.362573423584	-0.61213114332	1.48292789586	
-0.325314042726	0.928931323953	0.176763543339	-0.281702591513	
0.63273278999	0.0749102658751	0.770743836278	0.384764375489	
0.0	0.0	0.0	1.0	
6	151	190	
0.781763937862	0.0107436639246	-0.623446264244	0.155726161414	
-0.293350134598	0.888616030704	-0.352507736764	0.405318300588	
0.550246592585	0.458482663889	0.697871180134	0.0158134697937	
0.0	0.0	0.0	1.0	
6	177	190	
0.810438160537	0.0674551171158	-0.581954058379	0.13980243736	
-0.205538316104	0.962964859438	-0.17458277946	-0.27547896289	
0.548625880262	0.261097933699	0.794295770155	0.15209248885	
0.0	0.0	0.0	1.0	
6	180	190	
0.962041102063	-0.00962951225302	-0.272754276257	0.591671500461	
0.0898365760043	0.954844020152	0.283220731921	-0.404302695406	
0.257717498718	-0.296976280994	0.919462602248	0.267775791032	
0.0	0.0	0.0	1.0	
6	189	190	
0.720698302255	0.337245142995	-0.605611406243	1.38170303649	
-0.424066754065	0.905588426226	-0.000327613177976	-0.244003809067	
0.548362451703	0.257079163438	0.795714682691	0.33154545533	
0.0	0.0	0.0	1.0	
7	11	190	
0.938488623341	0.00182819581366	-0.34526619593	-0.693226369224	
0.00574535359994	0.999751336792	0.0209259082854	-0.15039735046	
0.345233328231	-0.021622796486	0.938254370529	-0.154597249876	
0.0	0.0	0.0	1.0	
7	12	190	
0.972006096302	-0.234011663566	-0.0202755022047	-0.425882361767	
0.22248076269	0.944917145921	-0.239981402821	-0.137592617248	
0.0753183958345	0.228768986862	0.970548811207	-0.054404549113	
0.0	0.0	0.0	1.0	
7	27	190	
0.91923380401	0.108921475823	-0.378415290862	1.21215378144	
-0.127077203047	0.991635737129	-0.023243014652	0.387684265	
0.372722288665	0.069443209098	0.925373224766	-0.146373352453	
0.0	0.0	0.0	1.0	
7	28	190	
0.90779359182	0.101075231733	-0.4071137259	0.556351124334	
-0.137985086686	0.9884890978	-0.0622480335231	0.076666381649	
0.396140148441	0.112674277348	0.911281224719	0.175360248359	
0.0	0.0	0.0	1.0	
7	32	190	
0.976837170236	-0.0705330013813	-0.202085211627	-0.193698661987	
0.0231728188109	0.973450693427	-0.22771956923	-0.433517439529	
0.212784121572	0.217757023925	0.952540097183	0.519570215798	
0.0	0.0	0.0	1.0	
7	34	190	
0.731901799379	0.293745270814	-0.614844343615	-0.107345570289	
-0.320145390055	0.944753224404	0.0702761241805	0.136916101942	
0.601542156236	0.145397586289	0.785510478025	-0.00194670093051	
0.0	0.0	0.0	1.0	
7	35	190	
0.915865046312	0.0424795925264	-0.399235092465	0.346906834147	
-0.0872761041371	0.991664920573	-0.0946820359474	0.492331315673	
0.39189891074	0.121552454234	0.91194830805	-0.571193255077	
0.0	0.0	0.0	1.0	
7	52	190	
0.979927592649	-0.137540356148	-0.14422538278	-0.0147541812721	
0.118439818478	0.983921194397	-0.133563878905	0.257447521202	
0.160280596905	0.113795755171	0.980488394953	-0.158176987549	
0.0	0.0	0.0	1.0	
7	53	190	
0.838771098534	0.0491083218352	-0.542232829971	0.319625888717	
-0.146591870467	0.9794965492	-0.13804206013	0.154012041095	
0.524360307835	0.195272118623	0.828799752637	-0.447753847483	
0.0	0.0	0.0	1.0	
7	54	190	
0.733140073572	0.151021188149	-0.663064361604	0.487498098806	
-0.25284280381	0.965643719524	-0.0596210621084	-0.233396438033	
0.63131173542	0.211362904137	0.746162563196	-0.123970213035	
0.0	0.0	0.0	1.0	
7	55	190	
0.435370332687	0.319848479022	-0.841486002943	0.448154566767	
-0.358921458132	0.918893500576	0.163573250063	-0.528887742027	
0.825597838116	0.230815018326	0.514876311574	0.520029849118	
0.0	0.0	0.0	1.0	
7	56	190	
0.570408690457	0.218450626256	-0.791742881797	0.600604681408	
-0.292719196033	0.954722477196	0.0525342215237	-0.0973469827678	
0.767413843566	0.201793568788	0.608550209043	0.467356445462	
0.0	0.0	0.0	1.0	
7	63	190	
0.995086964408	-0.0845517541511	-0.0521303559506	0.556196218886	
0.0528138152631	0.894876320626	-0.443236937399	1.12544235241	
0.084127131284	0.438291501149	0.894939918826	-0.0228642850694	
0.0	0.0	0.0	1.0	
7	82	190	
