0	37	120	
0.975503	0.118258	-0.185496	0.423766	
-0.0945428	0.986746	0.131884	0.138398	
0.198634	-0.111116	0.973754	-0.100138	
0.0	0.0	0.0	1.0	
0	38	120	
0.957394	0.134971	0.255304	-0.346484	
-0.140182	0.990123	0.00223699	0.0187699	
-0.252481	-0.0379307	0.966858	0.0708263	
0.0	0.0	0.0	1.0	
1	33	120	
0.956413014889	0.0423403011218	0.28893091741	0.572499586104	
-0.0301388863667	0.998461544492	-0.0465506270481	-0.00625218556439	
-0.290457648335	0.0358135505451	0.956217679364	0.0227081919174	
0.0	0.0	0.0	1.0	
1	36	120	
0.989074340881	0.0552361869972	0.136679350571	0.613066467364	
-0.0660601025871	0.994919640412	0.0759642405673	0.600213703435	
-0.131788414911	-0.0841639715842	0.987698463096	0.196065994447	
0.0	0.0	0.0	1.0	
1	37	120	
0.955006016695	0.131381172581	-0.265900444625	0.420789816448	
-0.124345574455	0.991297986629	0.0432012983889	0.109226133934	
0.269262523754	-0.00819401727555	0.963031335255	-0.0734305937969	
0.0	0.0	0.0	1.0	
1	38	120	
0.974579617373	0.14191499786	0.173367082499	-0.361585816415	
-0.127710907049	0.98766801685	-0.0905638546442	-0.0164316623716	
-0.184081827375	0.0661206983762	0.980684109658	0.0210347407069	
0.0	0.0	0.0	1.0	
2	33	120	
0.991460520503	0.0454845770426	-0.122214779197	0.308260134488	
-0.0647668879294	0.985190119735	-0.158764099739	-0.00572199609126	
0.113182255525	0.165323166635	0.979724052892	-0.0201433365288	
0.0	0.0	0.0	1.0	
2	36	120	
0.956601430203	0.105583696362	-0.271597061224	0.288343796303	
-0.118101046455	0.992544440038	-0.030116856387	0.576886771	
0.266392498488	0.0608842582702	0.961940471205	0.224130150289	
0.0	0.0	0.0	1.0	
2	37	120	
0.762488254967	0.144536868997	-0.630650508965	0.210681907651	
-0.212917280266	0.976491081922	-0.0336290101074	0.128372730436	
0.610964598007	0.159917350404	0.775337999543	-0.154645595063	
0.0	0.0	0.0	1.0	
2	38	120	
0.963117739624	0.124132239188	-0.238738741627	-0.545838678075	
-0.173253161437	0.964928279108	-0.197221688462	0.0460785984622	
0.205883828189	0.231309063136	0.950846091875	-0.394913856988	
0.0	0.0	0.0	1.0	
3	10	120	
0.993257978429	-0.104239616117	-0.0507164883881	-1.08705975469	
0.11240090912	0.973045114125	0.201367347664	-0.212176319478	
0.0283592776599	-0.20571012307	0.978201848671	0.559043521333	
0.0	0.0	0.0	1.0	
3	41	120	
0.981232384316	-0.0932167119229	0.168803276014	0.0967241307544	
0.0825762293168	0.994192796038	0.0690092989326	0.280443339874	
-0.174254763603	-0.053774863301	0.983230555775	0.33682921739	
0.0	0.0	0.0	1.0	
3	83	120	
0.833955530098	-0.41614646492	0.362409203129	-0.494605373178	
0.263208431697	0.877188270586	0.401575569234	0.0126039967021	
-0.485014898689	-0.239506691093	0.841068610508	0.393348200046	
0.0	0.0	0.0	1.0	
3	89	120	
0.710506963303	-0.613243595199	0.345126448755	-0.612247087242	
0.347251980887	0.732126074287	0.586009512644	0.0803157021012	
-0.612042178106	-0.29651773646	0.73313133094	0.421561954995	
0.0	0.0	0.0	1.0	
3	106	120	
0.997431322886	-0.0712868934814	0.00697657702889	-0.31976895579	
0.0683600459761	0.918327240312	-0.389874427983	-0.168300495364	
0.0213872306296	0.389350074691	0.920841529573	0.0920286907621	
0.0	0.0	0.0	1.0	
3	107	120	
0.854482159536	-0.30489277994	0.420595074533	-0.397916930939	
0.180736277678	0.933548303725	0.309552569584	0.00770918830079	
-0.487024714733	-0.188490324178	0.852806061879	0.220818928226	
0.0	0.0	0.0	1.0	
4	10	120	
0.982756653526	-0.0483094173522	-0.178478314416	-0.780619998679	
0.0657825072402	0.993461474416	0.0933125692181	-0.203961816504	
0.17280300288	-0.10344425729	0.979509803374	0.280748075333	
0.0	0.0	0.0	1.0	
4	37	120	
0.994064052776	-0.0433603746486	0.0997783070457	0.684320402248	
0.0622134375011	0.978947852245	-0.194398021921	0.143579894376	
-0.0892489552936	0.199451862853	0.975834833356	-0.22418552495	
0.0	0.0	0.0	1.0	
4	41	120	
0.997741619621	-0.0575941664197	0.0345646309443	0.435534318273	
0.0592220783965	0.997086422891	-0.0480895672618	0.25901313849	
-0.0316940397185	0.0500280022255	0.998244925925	0.276301409858	
0.0	0.0	0.0	1.0	
4	83	120	
0.899381228699	-0.355180324607	0.254872463416	-0.165111716651	
0.279454914858	0.915444295806	0.289600306723	0.0121969180058	
-0.336182428248	-0.189235283007	0.922589783406	0.222368560823	
0.0	0.0	0.0	1.0	
4	106	120	
0.986631020604	-0.0985769815047	-0.129771958058	0.0442515061509	
0.02265195442	0.871535112807	-0.489810488597	-0.141413705677	
0.161385028077	0.480322976382	0.862117272435	-0.0720098888635	
0.0	0.0	0.0	1.0	
4	107	120	
0.917712748002	-0.250442078553	0.308351732178	-0.04590509517	
0.196912870485	0.960949648242	0.19442900514	0.022372980446	
-0.345003444324	-0.117711483979	0.931191771563	0.0648082585935	
0.0	0.0	0.0	1.0	
5	11	120	
0.997938547708	-0.0312802630687	-0.0560390554097	-0.432855822788	
0.0216096836675	0.985968281773	-0.165530042214	-0.0675910563563	
0.0604307799011	0.163977673212	0.984611593055	0.026174202524	
0.0	0.0	0.0	1.0	
5	37	120	
0.941997894231	0.107607411026	-0.317898955946	0.926124410917	
-0.124833116842	0.991586005955	-0.0342571750956	0.0810450617304	
0.311538409974	0.0719542646717	0.947505333971	0.0713397123814	
0.0	0.0	0.0	1.0	
5	80	120	
0.988451871766	0.0226974375358	-0.149825660671	-0.810809806069	
-0.109412394939	0.790957082321	-0.602009410398	-0.114919331972	
0.104841966059	0.611450712996	0.784306557859	-0.265037708938	
0.0	0.0	0.0	1.0	
5	81	120	
0.945153138461	0.023460084732	0.325783148348	-0.652685386174	
0.110530946973	0.915598878529	-0.386602162178	-0.126785049792	
-0.307356697052	0.401406798609	0.862788400662	-0.203927581154	
0.0	0.0	0.0	1.0	
5	87	120	
0.992895889079	-0.0383212570805	0.112639450999	-0.867455502945	
0.0938243251717	0.83435068425	-0.543190582099	-0.182314476663	
-0.0731644841602	0.549899485811	0.832020263277	0.00357919823287	
0.0	0.0	0.0	1.0	
5	106	120	
0.832934187806	-0.071052896808	-0.548790431578	0.228977323963	
-0.117942124628	0.946141684729	-0.301506464631	-0.0594458972514	
0.54065703177	0.315860389676	0.779694585358	-0.0198474105841	
0.0	0.0	0.0	1.0	
6	8	120	
0.99854185164	-0.0502639931024	0.019702868978	-0.727843669979	
0.0290478885559	0.807830965598	0.588698552434	0.273455940072	
-0.0455067498033	-0.587267498613	0.80811265105	0.136812071382	
0.0	0.0	0.0	1.0	
6	10	120	
0.973030608813	0.0200870302006	-0.229799068472	-0.449239961163	
0.104629262884	0.849399441707	0.517274298092	0.168759009432	
0.205581670796	-0.527367373444	0.824391023667	0.254979861585	
0.0	0.0	0.0	1.0	
6	11	120	
0.948844006523	-0.0913690980283	0.302237284829	-0.203435572762	
0.0513508474437	0.989126492089	0.1378112148	0.0434469493623	
-0.311542607986	-0.115240901311	0.943218622519	0.259159264836	
0.0	0.0	0.0	1.0	
6	105	120	
0.86762713973	0.0553564335398	-0.494122991733	0.287465582305	
0.014062244274	0.990653521021	0.135674731328	0.0835261622429	
0.497016001178	-0.12466334301	0.85874030814	-0.0130571999575	
0.0	0.0	0.0	1.0	
6	106	120	
0.974868029769	-0.0720741823213	-0.210801145661	0.39730917987	
0.0607483734021	0.996364557406	-0.0597257993946	0.0456889590708	
0.214340357712	0.0454193025627	0.975703221258	-0.0224581949062	
0.0	0.0	0.0	1.0	
7	10	120	
0.988311485242	-0.090911359567	-0.122378298947	-0.237333578949	
0.0891283417787	0.995819359818	-0.0199810103197	-0.259336204369	
0.123683020342	0.00884066142255	0.992282355213	0.184365038246	
0.0	0.0	0.0	1.0	
7	83	120	
0.866596787046	-0.399326126615	0.299249505836	0.365179404434	
0.352335167327	0.914308888987	0.199749321621	-0.0118696078361	
-0.353371265381	-0.0676650056535	0.933032497494	0.115646210986	
0.0	0.0	0.0	1.0	
7	89	120	
0.752578716265	-0.591443993338	0.289518253042	0.245655875	
0.4642194382	0.788337525868	0.403761671338	0.0495656776838	
-0.467040000169	-0.169461658038	0.867846005042	0.149709710243	
0.0	0.0	0.0	1.0	
7	108	120	
0.994287907275	-0.00993444596026	-0.106272068732	0.265638573275	
0.00104802702466	0.996518734848	-0.0833566555545	-0.0275921308606	
0.106730024109	0.0827700721832	0.990836242654	-0.0463720396943	
0.0	0.0	0.0	1.0	
8	10	120	
0.965295207987	0.0687300228625	-0.251953522011	0.269778630993	
-0.0851168375205	0.994866783064	-0.054717556598	-0.167977118968	
0.24689969374	0.0742634502453	0.966191525613	0.0393472820202	
0.0	0.0	0.0	1.0	
8	11	120	
0.963128971901	-0.0572593251218	0.262876627858	0.511394211783	
0.176749212291	0.871316273539	-0.457785083582	-0.284017480245	
-0.202836412518	0.487369107336	0.849311023187	-0.0262032196356	
0.0	0.0	0.0	1.0	
8	12	120	
0.895230590656	0.144783315135	-0.421425888443	0.22758253759	
-0.211284898064	0.970590348181	-0.115379050165	-0.123087399827	
0.392327011626	0.192331230176	0.899493376091	-0.0257628175084	
0.0	0.0	0.0	1.0	
8	108	120	
0.959297934436	0.138473702784	-0.246113173378	0.828949696714	
-0.171860262369	0.977819339523	-0.11971558482	-0.0113975954475	
0.224077165744	0.157139904941	0.961819052136	-0.111437625317	
0.0	0.0	0.0	1.0	
9	11	120	
0.936161351054	-0.0402402668318	0.349260804956	0.911133956911	
0.0752485967574	0.993340402225	-0.0872487283672	-0.140279115933	
-0.34342366982	0.107960445752	0.932954903253	0.0416740368563	
0.0	0.0	0.0	1.0	
9	12	120	
0.931848699358	0.132311837402	-0.337863328074	0.623819164775	
-0.045815310498	0.966597140812	0.252171326319	0.00983327212063	
0.359943086308	-0.219506200031	0.906784405519	0.00473761789899	
0.0	0.0	0.0	1.0	
9	108	120	
0.979822212724	0.122749567536	-0.157735447442	1.21187896923	
-0.0764821231961	0.959393029005	0.271503981814	0.0742140608656	
0.184657585843	-0.253961422509	0.949423025203	-0.172739193363	
0.0	0.0	0.0	1.0	
10	106	120	
0.998997280987	0.0434555695637	-0.0107783386419	0.753805640125	
-0.041854578176	0.820911924092	-0.569519564005	0.0587804488076	
-0.0159001141658	0.56939945454	0.82190731592	-0.486914312532	
0.0	0.0	0.0	1.0	
10	108	120	
0.995959353606	0.0892364965345	0.0100905640573	0.489209240873	
-0.0884053409334	0.993988238218	-0.0645877712474	0.183009573607	
-0.0157935643155	0.0634350887771	0.997860341494	-0.295139663191	
0.0	0.0	0.0	1.0	
11	106	120	
0.861340460407	-0.0313729287405	-0.507057155354	0.657863589837	
-0.0536857955512	0.986881740189	-0.152256802337	-0.0202179506204	
0.50518278612	0.158366720274	0.848358039637	-0.0837503143292	
0.0	0.0	0.0	1.0	
12	14	120	
0.752612548971	0.155907131379	-0.639739917282	0.434610560813	
-0.324878836845	0.932996682533	-0.154824030304	-0.0271887483882	
0.572737788438	0.324360791865	0.752835698372	0.462582576732	
0.0	0.0	0.0	1.0	
12	42	120	
0.948021417514	0.12809415137	-0.291285890653	0.771169543689	
-0.11578745243	0.991510146223	0.0591771365296	0.285085086131	
0.296392513999	-0.0223739788515	0.95480396224	-0.590250589176	
0.0	0.0	0.0	1.0	
12	44	120	
0.807036357402	0.21813039237	-0.548736774375	0.422641390127	
-0.285060125548	0.957734228225	-0.038529977493	0.121145570303	
0.517139923794	0.187518608158	0.835106422953	-0.334167081205	
0.0	0.0	0.0	1.0	
12	90	120	
0.949699505539	0.172029738679	-0.261679675386	0.252272265195	
-0.158507437045	0.984721256581	0.0721010987274	0.270968924026	
0.27008591989	-0.0269954434307	0.96245754795	-0.401754707491	
0.0	0.0	0.0	1.0	
12	104	120	
0.764235154551	0.424080596924	-0.485902324095	0.31270842504	
-0.278629768071	0.896574082352	0.344268235671	0.208771654173	
0.581644346051	-0.127714724351	0.803354279597	-0.165689822325	
0.0	0.0	0.0	1.0	
12	108	120	
0.983016257788	-0.0209824488699	0.182313665774	0.481151556766	
0.0151812656223	0.999334456652	0.0331605308465	0.17899494641	
-0.182887946614	-0.0298293903164	0.982680578054	-0.343382048898	
0.0	0.0	0.0	1.0	
13	43	120	
0.961720361555	-0.0479190390252	0.269810994455	-0.196259711449	
0.07894402663	0.991298905353	-0.10532867579	0.0923098533227	
-0.262416302635	0.122596662098	0.957134803163	-0.513432325191	
0.0	0.0	0.0	1.0	
13	44	120	
0.999754416205	-0.00221576803329	0.0220497202736	-0.187544172967	
0.00382719948162	0.997304376242	-0.0732658151893	0.194414186301	
-0.0218283057189	0.0733318012468	0.99706841179	-0.70716526799	
0.0	0.0	0.0	1.0	
13	90	120	
0.944446230692	-0.161370061202	0.286322797135	-0.402164222906	
0.130559896513	0.983686816744	0.12374628687	0.28470167207	
-0.301620921574	-0.0794893361757	0.950108017399	-0.664420442744	
0.0	0.0	0.0	1.0	
14	43	120	
0.942385671548	-0.0823241851298	0.324241105114	-0.507740608845	
0.0466156815148	0.992107081859	0.116409788139	-0.178916329075	
-0.331265745109	-0.0945877323939	0.938784304886	-0.403588745956	
0.0	0.0	0.0	1.0	
14	44	120	
0.996180793157	-0.0395813317736	0.0778280790703	-0.513527029758	
0.0276020313053	0.98839488397	0.149375401039	-0.121904751636	
-0.0828380979136	-0.146656454918	0.985712844525	-0.6151305017	
0.0	0.0	0.0	1.0	
14	90	120	
0.920939486205	-0.205904946656	0.330867772099	-0.729133342058	
0.0877829072259	0.936806397917	0.338655720641	-0.0306044768479	
-0.379690095252	-0.282836168859	0.880816937361	-0.580217137705	
0.0	0.0	0.0	1.0	
15	48	120	
0.943065663108	-0.0990825132108	-0.3175036265	-0.245906279617	
-0.00959867159933	0.94609237256	-0.323753505472	-0.0880578047665	
0.332465828826	0.308368799584	0.891276916366	-0.562350900911	
0.0	0.0	0.0	1.0	
15	49	120	
0.942437093967	-0.0188346184861	-0.333851266717	-0.282216633323	
0.0379706771444	0.997981617676	0.0508882613315	0.00138129459174	
0.332218988623	-0.0606359774003	0.941250777691	-0.452599387453	
0.0	0.0	0.0	1.0	
15	53	120	
0.56472712629	0.105716215789	-0.818478784369	0.197284203215	
-0.0689398818967	0.994338324638	0.0808643425079	0.00474283429948	
0.822393558814	0.0107595649682	0.568818004492	-0.424450982556	
0.0	0.0	0.0	1.0	
15	93	120	
0.9989112595	-0.0298924550921	0.0358184148599	-0.269905279109	
0.0334290578373	0.99416056663	-0.102604341057	-0.0186006406805	
-0.0325423760232	0.10369005529	0.994077589647	-0.177909098516	
0.0	0.0	0.0	1.0	
15	100	120	
0.997924274339	-0.0177042971842	0.0619130189823	-0.358451611734	
0.00442875380061	0.978057080048	0.20829157164	0.062894852067	
-0.0642418851088	-0.207585100092	0.976105547394	-0.233124628404	
0.0	0.0	0.0	1.0	
15	102	120	
0.998010652798	0.0628321845673	0.00522271223427	-0.0585968327574	
-0.0570111346441	0.934699918098	-0.350835395739	-0.113255477353	
-0.0269251326814	0.349840757826	0.936421893557	-0.212005273261	
0.0	0.0	0.0	1.0	
16	49	120	
0.977090326581	-0.10733749774	0.183773571416	-0.39869188588	
0.0964811009746	0.993072889942	0.0670527050267	-0.0288694835485	
-0.189698628974	-0.0477858381291	0.980678869473	-0.0227597483531	
0.0	0.0	0.0	1.0	
16	50	120	
0.965593941595	-0.188856058299	0.178779971131	-0.347317473506	
0.0942835045855	0.894925828683	0.436140039713	0.0808259695866	
-0.242362661201	-0.404277719735	0.881941567756	0.0482403914197	
0.0	0.0	0.0	1.0	
16	51	120	
0.999043058544	-0.0276033564423	0.0339336347511	0.0550936889587	
0.00897846655981	0.888633727559	0.458529354556	0.1307555783	
-0.0428114935191	-0.457786173365	0.888031810538	-0.0617605461711	
0.0	0.0	0.0	1.0	
16	52	120	
0.882357302005	0.275226258426	-0.381703158948	-0.0492099260368	
0.00638077257395	0.804058433073	0.594516399593	0.235290612341	
0.470537762583	-0.527010833797	0.707710824503	-0.205655051122	
0.0	0.0	0.0	1.0	
16	93	120	
0.842145198005	-0.0337964083902	0.53819146034	-0.248403469614	
0.0820138010017	0.994451138855	-0.0658851690323	-0.0386001519689	
-0.532978929437	0.0996242578889	0.8402440791	0.208160843107	
0.0	0.0	0.0	1.0	
16	95	120	
0.930702662551	-0.299957800995	0.209328188399	-0.660883200352	
0.127849414548	0.802956194793	0.582163564972	0.219601801278	
-0.34270705395	-0.515058582627	0.78566426119	-0.357533403519	
0.0	0.0	0.0	1.0	
16	97	120	
0.993183524537	-0.102682445671	0.0551694094516	-0.746824378068	
0.0695738628652	0.901941585681	0.426215148069	0.202330835315	
-0.0935244998268	-0.419472227817	0.902937507382	-0.709288757305	
0.0	0.0	0.0	1.0	
16	98	120	
0.987395601884	-0.121029066849	0.101992126449	-0.727845630337	
0.0692928675952	0.909929291943	0.408932486775	0.193933765697	
-0.142298932447	-0.396710488467	0.906847291538	-0.713667102	
0.0	0.0	0.0	1.0	
16	99	120	
0.985951327636	-0.0977051394899	0.135475395321	-0.73699941102	
0.0381932058867	0.921455950975	0.386599968672	0.185146736438	
-0.16260800268	-0.37599457967	0.912242854006	-0.663624183813	
0.0	0.0	0.0	1.0	
16	100	120	
0.827074733819	-0.179231116845	0.532751525445	-0.357465458995	
0.0519101669226	0.968105653611	0.245106560168	0.0364013764852	
-0.559690408321	-0.175066074867	0.809999621518	0.204847334697	
0.0	0.0	0.0	1.0	
16	103	120	
0.942760590814	-0.0355183596497	0.331575477737	-0.103592309382	
-0.00642018119959	0.992193756418	0.124536727604	-0.00131882850263	
-0.333411537197	-0.1195363853	0.935173351179	0.181236405792	
0.0	0.0	0.0	1.0	
17	50	120	
0.97757333069	-0.131938319504	0.164143266931	-0.294465449181	
0.154756826971	0.978684731619	-0.135005369659	-0.0526750107622	
-0.142831665726	0.157379182169	0.977155366064	-0.0889167199088	
0.0	0.0	0.0	1.0	
17	51	120	
0.999318186511	0.030814216329	0.0203438535884	0.113773312067	
-0.0283699200137	0.993401501374	-0.111127110751	0.0256332456613	
-0.0236332421138	0.110472981224	0.993598814159	-0.150045687036	
0.0	0.0	0.0	1.0	
17	52	120	
0.86279408338	0.331922928564	-0.381332455625	0.0200191575616	
-0.307072352614	0.943271299179	0.126278776052	0.198233693013	
0.401614922987	0.00814372637146	0.915773328869	-0.212749243663	
0.0	0.0	0.0	1.0	
17	94	120	
0.895813455025	-0.295759215713	0.331728895663	-0.180806131781	
0.294564056129	0.954040151021	0.0551398416725	-0.100900148348	
-0.332791433995	0.0483192330324	0.941762636378	0.123617544542	
0.0	0.0	0.0	1.0	
17	95	120	
0.948173839836	-0.242740854479	0.205045065094	-0.585374225466	
0.240159806181	0.96999786733	0.0377710061792	0.305475942737	
-0.208062673782	0.0134286062494	0.978024281004	-0.352231914408	
0.0	0.0	0.0	1.0	
17	96	120	
0.996972723858	-0.0468462200557	0.0620549944404	-0.65375186885	
0.0560740552522	0.986089788342	-0.156471024086	0.48535297433	
-0.0538620708702	0.159476271928	0.985731660858	-0.660238246806	
0.0	0.0	0.0	1.0	
17	97	120	
0.998206184727	-0.0450093252945	0.0394865408292	-0.658293730261	
0.0503731450721	0.987779343357	-0.147494044624	0.490482046588	
-0.0323648973629	0.149217073942	0.988274297258	-0.655335246487	
0.0	0.0	0.0	1.0	
17	98	120	
0.994309388846	-0.0638417127291	0.0852837206558	-0.639562746154	
0.0774189900062	0.982944053398	-0.16681233399	0.484787347286	
-0.0731798925198	0.172464860164	0.982293842806	-0.663495763638	
0.0	0.0	0.0	1.0	
17	99	120	
0.992235438444	-0.0408374145876	0.117477073081	-0.651044276801	
0.0628590908474	0.979700538682	-0.190356219204	0.450389943339	
-0.107318455643	0.196261941468	0.974661236588	-0.626749449775	
0.0	0.0	0.0	1.0	
17	111	120	
0.964841413842	-0.186002219855	0.185698740738	-0.929149669986	
0.200708449296	0.977581043266	-0.0636504270251	0.547642125527	
-0.169696782457	0.0986828904927	0.980544152653	-0.723243994531	
0.0	0.0	0.0	1.0	
18	23	120	
0.714798513413	0.492274280426	-0.496717958643	-0.286359597367	
-0.576328857246	0.816979689421	-0.0196913431224	-0.0976474561418	
0.396115150914	0.300348649842	0.867688207204	0.0967746692448	
0.0	0.0	0.0	1.0	
18	24	120	
0.741823141535	0.612349942496	-0.27336206896	-0.25990852424	
-0.579066544209	0.790519167698	0.199403300899	-0.0372006880063	
0.338202458188	0.0103732359802	0.941016182364	0.126137195068	
0.0	0.0	0.0	1.0	
18	57	120	
0.999098732182	0.017835359488	0.0385323908453	0.0309496163766	
0.00817122940812	0.809764097586	-0.586699536737	-0.0249930159274	
-0.0416656748381	0.586484825077	0.808887755544	-0.275921353806	
0.0	0.0	0.0	1.0	
18	112	120	
0.971719874909	-0.195025880284	0.133141571523	-0.999286542831	
0.208974902806	0.972766286851	-0.100276181974	0.00945272885198	
-0.109958911	0.125263474445	0.986011085044	0.0235530304058	
0.0	0.0	0.0	1.0	
18	119	120	
0.887082508809	0.284529892269	-0.363495012727	-1.15997388191	
-0.361713930715	0.917676777573	-0.164412375524	0.0385234302903	
0.286789973176	0.277328944729	0.916973172797	-0.148119124733	
0.0	0.0	0.0	1.0	
19	56	120	
0.962002809774	0.14360712822	0.232222881781	0.106451835999	
0.0442985878154	0.757151316077	-0.651734574137	-0.127832655827	
-0.269422140606	0.637258077338	0.722020102488	-0.325092343498	
0.0	0.0	0.0	1.0	
19	57	120	
0.898374611457	-0.172373354577	0.403994629941	0.137942258301	
0.230829960804	0.967803625354	-0.100369417912	-0.0577253347019	
-0.373685996028	0.183422534757	0.909238145591	-0.138190188747	
0.0	0.0	0.0	1.0	
19	58	120	
0.998878024777	0.010274248112	-0.0462184106435	-0.0468791056634	
-0.00156654316832	0.982807341202	0.184622312079	-0.0574734728731	
0.047320331752	-0.184343226583	0.981721461517	0.217190683024	
0.0	0.0	0.0	1.0	
20	56	120	
0.96634865387	0.0167688180206	-0.256689446872	0.032808078505	
-0.123440053115	0.905702620717	-0.405541567033	-0.0682851842339	
0.225683373112	0.423580861818	0.877294335244	-0.217733098343	
0.0	0.0	0.0	1.0	
21	56	120	
0.993939763109	0.0903908567633	0.0625510995844	0.0306124715809	
-0.0838746533831	0.991450803512	-0.0999483093002	-0.0667995181312	
-0.0710515030185	0.0940976532378	0.993024225843	-0.127823461924	
0.0	0.0	0.0	1.0	
22	24	120	
0.999622599673	-0.0165250595446	0.0219276008211	0.0835868368227	
-0.00508063260322	0.673496482511	0.739174140612	0.270256347774	
-0.0269834058007	-0.739006477676	0.673157824536	0.0620602835262	
0.0	0.0	0.0	1.0	
22	58	120	
0.957661873644	-0.189902628627	0.216376478249	0.0726683041673	
0.0789140741186	0.89595826314	0.437070827561	0.139722224139	
-0.276865628324	-0.401491001691	0.873012047019	0.00335957423067	
0.0	0.0	0.0	1.0	
22	112	120	
0.542708693826	-0.668103881633	0.509022943691	-0.516970551298	
0.26635487905	0.711654300158	0.65008026736	0.077469847987	
-0.796569523313	-0.217223010952	0.564173098589	0.463985194226	
0.0	0.0	0.0	1.0	
22	119	120	
0.958861558469	-0.233331702271	0.161678084281	-0.712168923861	
0.137292461963	0.879684585144	0.455309593188	-0.0561928075542	
-0.248465123101	-0.414380917329	0.875530418441	0.45099634116	
0.0	0.0	0.0	1.0	
23	112	120	
0.530589308856	-0.650419752052	0.543535814188	-0.60032859316	
0.616055227892	0.736347836482	0.279765529301	-0.285448863036	
-0.582196147051	0.186407413219	0.791391549731	0.288481266626	
0.0	0.0	0.0	1.0	
23	119	120	
0.95615400864	-0.215648643766	0.198157195256	-0.79994401792	
0.22731159382	0.973086418646	-0.0378493938128	-0.392362405758	
-0.184662929864	0.0812336127114	0.979439518442	0.218767143135	
0.0	0.0	0.0	1.0	
24	58	120	
0.964370912581	-0.18354971477	0.190517848335	-0.00866729648678	
0.241927942805	0.903266021845	-0.354371937241	-0.044353471198	
-0.107043693407	0.387837195918	0.915490673721	-0.136241579097	
0.0	0.0	0.0	1.0	
24	112	120	
0.562644893911	-0.665606578557	0.490305274369	-0.610196862842	
0.759090039665	0.650865473969	0.0124866742281	-0.416941322947	
-0.327434345013	0.365160218057	0.871461218352	0.114887445177	
0.0	0.0	0.0	1.0	
24	119	120	
0.964507212551	-0.226531940654	0.135679438124	-0.804292140377	
0.26023752606	0.902549187993	-0.343045399707	-0.494137898386	
-0.044747628263	0.366178876265	0.929468122412	0.00306378174632	
0.0	0.0	0.0	1.0	
25	59	120	
0.994932865235	0.0133609886607	0.0996558872523	-0.0269786250652	
0.0220018997105	0.938180408536	-0.345447494421	-0.0986905562865	
-0.0981114994171	0.345889389918	0.933132058378	-0.289976024814	
0.0	0.0	0.0	1.0	
25	66	120	
0.953330304745	0.00621678764644	0.301864555479	-0.574775763858	
0.200895518944	0.73328990428	-0.649559382906	-0.588458668	
-0.225393154836	0.679888707735	0.69781799631	0.435602381431	
0.0	0.0	0.0	1.0	
25	67	120	
0.989061668324	0.00710637233208	-0.147332444166	-0.298428389673	
-0.0314793039261	0.985998290865	-0.16375974444	-0.422103309173	
0.144104994855	0.166606956874	0.975436492181	0.64405273367	
0.0	0.0	0.0	1.0	
25	68	120	
0.982231926794	0.123280756976	-0.141500777751	0.0891665219291	
-0.120140918739	0.992286747323	0.0305588764449	-0.127818143919	
0.144176965887	-0.0130158679238	0.989465984546	0.344892962553	
0.0	0.0	0.0	1.0	
25	113	120	
0.865383691128	-0.253173930605	0.432450875482	-0.60865330859	
0.29140803194	0.95631553065	-0.0232768987984	-0.366902809764	
-0.407666726591	0.146163236761	0.901357320116	0.451254012517	
0.0	0.0	0.0	1.0	
26	28	120	
0.939659317499	-0.0815171677211	-0.332259755545	-0.234831489463	
-0.0727286572585	0.901400371219	-0.426834677841	-0.199749994064	
0.334292885184	0.425243824636	0.841080508073	0.143408090887	
0.0	0.0	0.0	1.0	
26	59	120	
0.998269249165	-0.0504441264443	0.030269234848	0.102370298764	
0.0525442852356	0.995935855848	-0.0731529930951	0.0901562575104	
-0.0264565420733	0.0746170227479	0.996861652496	-0.656787044709	
0.0	0.0	0.0	1.0	
26	60	120	
0.991421910196	-0.119026481871	0.0539943473132	-0.369956991516	
0.117404337009	0.992558664433	0.0322977425211	-0.00613339222922	
-0.0574365695	-0.0256813984321	0.998019262204	0.278963786826	
0.0	0.0	0.0	1.0	
26	62	120	
0.973156594926	-0.136894498704	0.185004711692	-0.670984961141	
0.118916551737	0.987331069451	0.105054079932	-0.0369760677167	
-0.197042673039	-0.0802329373366	0.977106283716	0.459989673419	
0.0	0.0	0.0	1.0	
26	63	120	
0.969501626246	-0.128959782113	0.208415305943	-0.590830523889	
0.14575228948	0.987031647861	-0.0672701168355	-0.0622051987154	
-0.197036635319	0.095596221395	0.975724372821	0.221187159885	
0.0	0.0	0.0	1.0	
26	64	120	
0.975304169355	-0.0618721617267	0.212026590449	-0.560323797492	
0.118327622347	0.956947527343	-0.265048442073	-0.137051972014	
-0.186498541987	0.283591717675	0.940635062447	0.234697730721	
0.0	0.0	0.0	1.0	
26	65	120	
0.966207240976	0.0621003179766	0.250175619281	-0.532011687996	
0.11896239027	0.75357691093	-0.646505466351	-0.329741459235	
-0.228674193074	0.65441996929	0.720723177241	0.0659780343948	
0.0	0.0	0.0	1.0	
26	66	120	
0.961535941927	-0.0793237498316	0.262977272887	-0.488677443447	
0.18749705287	0.889198081492	-0.417339849481	-0.215663403446	
-0.20073425096	0.45059535152	0.869867686445	0.132868407677	
0.0	0.0	0.0	1.0	
26	113	120	
0.886622535245	-0.299038212108	0.352813496814	-0.53170390014	
0.219925686559	0.943683096117	0.247173728693	-0.000526199407307	
-0.406858357946	-0.141556540095	0.902457140177	0.0844498550549	
0.0	0.0	0.0	1.0	
26	114	120	
0.989568410291	-0.0346096819096	0.139849659282	-0.52323745152	
0.0961574682051	0.881520979712	-0.46224922029	-0.251299238413	
-0.107281282525	0.470875257285	0.875652222083	-0.00282435664772	
0.0	0.0	0.0	1.0	
26	115	120	
0.970791269259	-0.14215611743	0.193278167647	-0.525737212668	
0.131961940409	0.989140744704	0.0646990717488	-0.156369389654	
-0.20037665376	-0.0373032112785	0.979008504981	0.152838931186	
0.0	0.0	0.0	1.0	
26	116	120	
0.950464511338	-0.176537423907	0.25583633372	-0.534478322453	
0.146111474914	0.980211038811	0.133559892246	-0.133180556262	
-0.274351610513	-0.089562123338	0.957449655299	0.177787533648	
0.0	0.0	0.0	1.0	
26	117	120	
0.944016189566	-0.217586849581	0.247972846114	-0.532916839207	
0.179424928189	0.969398468432	0.167549809667	-0.101566410833	
-0.276840789905	-0.113676675565	0.954167823404	0.170981983925	
0.0	0.0	0.0	1.0	
27	64	120	
0.994768352083	-0.0998894689736	-0.0213801223023	-0.341084825431	
0.101742148636	0.987567594675	0.119833329319	0.106302106019	
0.00914453532536	-0.12138178955	0.992563618388	-0.109686825365	
0.0	0.0	0.0	1.0	
27	65	120	
0.995812659665	-0.0718178342154	0.0565464549589	-0.279450012825	
0.0859858691813	0.945879133818	-0.312920556465	-0.1332689506	
-0.0310125355527	0.316472446962	0.948093886935	-0.181825496067	
0.0	0.0	0.0	1.0	
27	66	120	
0.98664034519	-0.157804778445	0.0404613499242	-0.24981567595	
0.159550269939	0.986196061157	-0.0443024177936	4.80392033389e-05	
-0.0329124180735	0.0501661096701	0.99819789415	-0.155097822364	
0.0	0.0	0.0	1.0	
27	69	120	
0.790142963225	-0.0810579650534	-0.60753806321	0.608345964147	
0.170782139337	0.98107735904	0.0912169745936	0.184959820144	
0.588648070971	-0.175831270541	0.789034875135	-0.255558810803	
0.0	0.0	0.0	1.0	
27	113	120	
0.962962220541	-0.23127876327	0.138608456811	-0.274324759667	
0.107746524731	0.801300784587	0.588479770016	0.178287260458	
-0.247170351874	-0.551749091956	0.79654228084	-0.289670272067	
0.0	0.0	0.0	1.0	
27	114	120	
0.989481159381	-0.119307573793	-0.0818011531599	-0.252645997845	
0.111745982732	0.989513948883	-0.091518794061	-0.0858458136722	
0.0918628732671	0.0814153037897	0.992437201813	-0.271248819583	
0.0	0.0	0.0	1.0	
28	59	120	
0.925366291178	-0.0948895530402	0.367007093853	0.0282701690484	
-0.0452630206734	0.93357952893	0.355501478693	-0.106443964206	
-0.376363601747	-0.345580478309	0.85960734651	-0.908808379444	
0.0	0.0	0.0	1.0	
28	63	120	
0.834531886978	-0.161006647861	0.526909631209	-0.31851992354	
-0.0314383289791	0.940874908968	0.337293865901	0.186077998589	
-0.55006119854	-0.298047147859	0.780127576508	0.124993377468	
0.0	0.0	0.0	1.0	
28	64	120	
0.84550167186	-0.03293361626	0.532957078722	-0.279894012911	
-0.0521506861797	0.988232171624	0.143800501416	0.121869546641	
-0.531419969625	-0.149377420841	0.833833409504	0.158167908493	
0.0	0.0	0.0	1.0	
28	66	120	
0.822774729146	0.0114233636715	0.568252241776	-0.240894445608	
0.00526737243321	0.999602624856	-0.0277217734026	0.0018664912774	
-0.568342628362	0.0258022374807	0.822386812365	0.0822702481904	
0.0	0.0	0.0	1.0	
28	68	120	
0.994031851921	-0.0789316257232	0.0753059900061	0.283940865298	
0.00748903980098	0.738036956367	0.674718956902	0.290416368508	
-0.108834528116	-0.67012813386	0.734222158086	-0.467751590292	
0.0	0.0	0.0	1.0	
28	69	120	
0.996507802299	-0.0474512753736	-0.0687084038409	0.441312359539	
0.060419562505	0.977712600528	0.201065267814	0.050424256845	
0.057636471068	-0.204514257523	0.977164693782	-0.477160312111	
0.0	0.0	0.0	1.0	
28	113	120	
0.681117348122	-0.396948115088	0.615232721251	-0.313157285936	
-0.047047686196	0.814817095299	0.57780635568	0.178708979003	
-0.730660498587	-0.422498849998	0.536310887973	-0.0359857024834	
0.0	0.0	0.0	1.0	
28	114	120	
0.88699938172	0.0607770905072	0.457754291284	-0.316138453508	
-0.039611016872	0.997661422676	-0.0557062619367	-0.0851409221596	
-0.460068353707	0.0312794661425	0.887331184189	-0.00516473795295	
0.0	0.0	0.0	1.0	
29	67	120	
0.995923480118	-0.0882440390507	0.0187085922546	0.0582236118802	
0.0888095874291	0.995537021295	-0.0319423035746	0.060951194106	
-0.0158064815537	0.0334734613987	0.999314325157	-0.00123136061526	
0.0	0.0	0.0	1.0	
29	68	120	
0.999995164379	-0.0013817628583	0.00290188151171	0.358975818368	
0.000893941551337	0.986803449858	0.161923817395	0.345022506972	
-0.00308645886015	-0.161921011784	0.98679797001	-0.395162604331	
0.0	0.0	0.0	1.0	
31	71	120	
0.983507169889	0.0154787886806	-0.180203144462	-0.0485303389303	
-0.136461236356	0.717417508939	-0.683147080295	0.00856824406794	
0.118706335168	0.696471294819	0.707698391832	-0.777711115129	
0.0	0.0	0.0	1.0	
31	72	120	
0.988828251052	-0.0285245431219	-0.146299871164	-0.0738755443438	
-0.000214746714957	0.981245051601	-0.192763820665	0.0878346804683	
0.149054231308	0.19064217224	0.970277479031	-0.555495236703	
0.0	0.0	0.0	1.0	
31	73	120	
0.992960058806	-0.0266467201976	-0.115407307334	-0.0709411291388	
0.00127039169689	0.976705793872	-0.214577620456	0.0232802756892	
0.118436968723	0.212920761401	0.969864779204	-0.544066832972	
0.0	0.0	0.0	1.0	
32	71	120	
0.987452631665	0.153153995103	0.0384870001622	-0.244330539505	
-0.134740984574	0.944232314613	-0.300449322117	-0.175962466978	
-0.0823566194715	0.291494118274	0.953021036357	-0.485197799335	
0.0	0.0	0.0	1.0	
32	72	120	
0.993245922694	-0.0299032426298	0.112106686635	-0.217081750455	
0.000703779500739	0.967754073205	0.251896173023	-0.00759112221911	
-0.116025124427	-0.25011551354	0.961238903341	-0.320231040233	
0.0	0.0	0.0	1.0	
32	73	120	
0.989475093077	-0.0222612438521	0.142979998514	-0.208072468912	
-0.0113565542745	0.973101961305	0.230094127945	-0.0610419119258	
-0.144256725722	-0.229295659683	0.962607570528	-0.283240016159	
0.0	0.0	0.0	1.0	
32	76	120	
0.93621038615	0.0257494328001	0.350494385183	-1.00070867898	
-0.0104698855779	0.998913599267	-0.0454199000746	-0.208492095996	
-0.351283796814	0.0388536702164	0.93546190683	-0.699563715611	
0.0	0.0	0.0	1.0	
33	36	120	
0.986233723255	0.0472888863543	-0.158451705773	-0.0298325334807	
-0.0288005259566	0.992712742036	0.117007351105	0.613458574954	
0.162831294073	-0.110833676382	0.980409089699	0.14925742162	
0.0	0.0	0.0	1.0	
33	38	120	
0.989417864353	0.0867569376167	-0.116306729824	-0.892578829483	
-0.0928429598981	0.994524515445	-0.0479622592907	-0.0497731990002	
0.111509332094	0.0582529079445	0.992054058084	-0.271012813913	
0.0	0.0	0.0	1.0	
34	36	120	
0.988176351855	0.0746497917471	-0.133919157065	0.1119277511	
-0.105659356917	0.964503142757	-0.24201259828	0.400109671311	
0.111099334955	0.253300951539	0.960986631255	0.257767541108	
0.0	0.0	0.0	1.0	
36	38	120	
0.996628004149	0.0664049424716	0.0482121746243	-0.900200416719	
-0.057737064037	0.984924568682	-0.163065286556	-0.652617730977	
-0.0583145415541	0.159732215643	0.98543607179	-0.352935792605	
0.0	0.0	0.0	1.0	
37	81	120	
0.780781707997	0.0328560210848	0.623939304691	-1.54704876479	
0.189191010424	0.939302908843	-0.286211118112	-0.395780309522	
-0.595472414462	0.341511571841	0.727174220134	0.24820535728	
0.0	0.0	0.0	1.0	
37	87	120	
0.900800625103	0.0310616484503	0.433120183106	-1.67778375751	
0.194613633714	0.862774883097	-0.466631870013	-0.459022391301	
-0.388179091272	0.504632786548	0.771143778285	0.51499677214	
0.0	0.0	0.0	1.0	
38	81	120	
0.96411172606	-0.118681145808	0.237492164773	-0.734798122932	
0.171632345539	0.961084631887	-0.216468276625	-0.195958825736	
-0.202559188923	0.249460498307	0.946962703927	-0.398763541603	
0.0	0.0	0.0	1.0	
39	82	120	
0.973803984284	-0.156045462369	0.165395604207	-0.0380456693574	
0.190895366186	0.956231635515	-0.221767836141	-0.188766468838	
-0.123550651129	0.247531753468	0.960970558334	-0.2848979441	
0.0	0.0	0.0	1.0	
39	88	120	
0.970900426975	-0.193096783853	-0.141651873688	-0.0887952817316	
0.180412357616	0.978734578448	-0.0976206527847	-0.0939388418595	
0.157490562271	0.0692247466668	0.985091782706	-0.270339045174	
0.0	0.0	0.0	1.0	
41	83	120	
0.92455495961	-0.294165825297	0.242206847303	-0.61219712372	
0.210022948796	0.923765159285	0.320232314809	-0.214201379327	
-0.317944591496	-0.245203061338	0.915853103926	-0.0627298774892	
0.0	0.0	0.0	1.0	
41	107	120	
0.938236327856	-0.189236093084	0.289656442342	-0.487663330475	
0.126224415429	0.966683771302	0.222688674946	-0.218802970072	
-0.32214709223	-0.172372925344	0.930865222244	-0.21638266436	
0.0	0.0	0.0	1.0	
42	44	120	
0.951370802023	0.151477810337	-0.268233195901	-0.235528630837	
-0.190833710372	0.97334784281	-0.127177279702	-0.21292145179	
0.241820352416	0.172181295522	0.954921961487	0.336329281846	
0.0	0.0	0.0	1.0	
42	84	120	
0.995272516668	0.0504433557779	0.0829994313262	-0.201067923684	
-0.02327593547	0.953526386992	-0.300405693245	-0.17446692584	
-0.0942945294467	0.297054574004	0.950192826181	0.167977081414	
0.0	0.0	0.0	1.0	
42	90	120	
0.998740213707	0.0410681755783	0.0288393612533	-0.434422381872	
-0.0415537183501	0.999000036033	0.016435361323	-0.0846812822118	
-0.0281344924823	-0.0176121363357	0.999448619121	0.330288497785	
0.0	0.0	0.0	1.0	
42	104	120	
0.929168451415	0.260371632597	-0.262399163696	-0.299957957266	
-0.191383743721	0.946140979518	0.261129760091	-0.143890635716	
0.316257335448	-0.192414355312	0.928955025537	0.534399388813	
0.0	0.0	0.0	1.0	
42	108	120	
0.875955930441	-0.144443495734	0.460257344104	-0.189489229253	
0.145062688823	0.988828876024	0.0342458120616	-0.14786229791	
-0.460062080626	0.0367684030056	0.887124473002	0.313910994548	
0.0	0.0	0.0	1.0	
43	45	120	
0.986854733621	-0.00835143617797	-0.161390597494	0.0733074326605	
-0.0243231812521	0.979612973098	-0.199417721938	-0.0200669211859	
0.159766307253	0.200721382126	0.966533554514	-0.221866533654	
0.0	0.0	0.0	1.0	
43	84	120	
0.991940247008	-0.0401729160052	0.120168177893	0.0963601393597	
0.0509797638554	0.994791792652	-0.0882576855951	0.0829014145777	
-0.115996471509	0.0936725488794	0.988822607798	-0.367408544233	
0.0	0.0	0.0	1.0	
43	90	120	
0.997749758413	-0.0566783948505	0.0358075214103	-0.143212774174	
0.0471881881521	0.973115646513	0.225429107125	0.18207416657	
-0.0476215400633	-0.223232297461	0.97360124783	-0.220335911535	
0.0	0.0	0.0	1.0	
43	92	120	
0.995912365319	-0.0666810856754	-0.0609217592243	-0.0952740675009	
0.03254323597	0.89412054788	-0.446642907044	-0.0393218582171	
0.0842540857823	0.442834198864	0.892636260791	-0.339900429622	
0.0	0.0	0.0	1.0	
43	104	120	
0.946120514678	0.165202058816	-0.278502659887	-0.0018430213477	
-0.034007841604	0.906006617568	0.42189526309	0.179213760544	
0.322022689212	-0.389693605408	0.862809757101	-0.0123597591852	
0.0	0.0	0.0	1.0	
44	84	120	
0.928511702047	-0.0621416611368	0.366066434633	-0.0152644870782	
0.11186994406	0.986903136214	-0.11622235436	0.0136627081599	
-0.354049317108	0.148866020037	0.923302492823	-0.17489743279	
0.0	0.0	0.0	1.0	
44	90	120	
0.951297608193	-0.155831536275	0.265987036475	-0.215154914466	
0.105996032123	0.975565204357	0.192451793422	0.0936545655695	
-0.289477214503	-0.154884886968	0.944570318292	0.0312721771535	
0.0	0.0	0.0	1.0	
44	92	120	
0.982969569364	0.00367076085923	0.183730878379	-0.188120064214	
0.0866034820103	0.872561328368	-0.480768524111	-0.120249100401	
-0.162080814001	0.488492112707	0.857382814008	-0.107018842357	
0.0	0.0	0.0	1.0	
44	104	120	
0.99698266539	0.0206238054053	-0.0748313482876	-0.0265722714198	
0.00891809435736	0.927236757687	0.374371407499	0.0915354455633	
0.0771069363576	-0.373909546327	0.924254599012	0.197644560514	
0.0	0.0	0.0	1.0	
45	84	120	
0.959129681337	-0.0488751253363	0.278715210274	-0.0030073775098	
0.0183736480139	0.993648074793	0.111016344774	0.0714631062511	
-0.28237101715	-0.10135733756	0.953934759337	-0.164925165498	
0.0	0.0	0.0	1.0	
45	90	120	
0.975879018235	-0.115266945264	0.185401889522	-0.218346255555	
0.0283351936514	0.908941992931	0.415957089158	0.200135337304	
-0.216465952359	-0.400669603815	0.890283412018	-0.00388651219364	
0.0	0.0	0.0	1.0	
45	91	120	
0.982359302973	-0.018729468313	0.186064098296	-0.208194856382	
0.0521214723461	0.982966115237	-0.176239098325	-0.00953303084198	
-0.179594625796	0.182828322281	0.966601776006	-0.0704967884688	
0.0	0.0	0.0	1.0	
45	92	120	
0.995491176729	-0.0168022350433	0.0933551525066	-0.184755049804	
0.0404744665502	0.965334975433	-0.257856695921	-0.0411465136095	
-0.0857869381838	0.260472342891	0.961662014595	-0.0830362054781	
0.0	0.0	0.0	1.0	
45	105	120	
0.908705198021	-0.0364222446577	0.415846526287	0.109438955971	
-0.00246803239145	0.995699792884	0.0926017503408	0.0185234041546	
-0.417430800918	-0.0851738357653	0.904707256615	-0.220781189506	
0.0	0.0	0.0	1.0	
46	91	120	
0.988316650533	-0.0150260058557	0.151669969818	-0.240392144186	
-0.0166901978686	0.978473100958	0.205696870477	0.0879338640116	
-0.151496220556	-0.205825517806	0.966791118675	-0.00767969107763	
0.0	0.0	0.0	1.0	
46	92	120	
0.998168283789	-0.0158883022623	0.0583671622081	-0.216861517249	
0.00830080832366	0.991737096743	0.128016440428	0.0540106303375	
-0.0599190176224	-0.127298490168	0.99005313223	-0.00641648862915	
0.0	0.0	0.0	1.0	
47	53	120	
0.544728858348	0.0857678798015	-0.834215183927	0.427185635734	
0.421423114288	0.832034304832	0.360725533267	0.209510531204	
0.725033814707	-0.548054284521	0.417088303225	-0.0102470577262	
0.0	0.0	0.0	1.0	
47	54	120	
0.665170089268	-0.341928780624	-0.663802650723	0.59909153656	
0.432011677607	0.901323156211	-0.0313754507128	0.0615856685818	
0.609028585734	-0.265899304242	0.747249007877	0.0586087015213	
0.0	0.0	0.0	1.0	
47	55	120	
0.642068541438	-0.422097099836	-0.639985652554	0.619744827973	
0.413394803753	0.89364481811	-0.174656896322	0.05567115273	
0.645642171306	-0.152424355311	0.748273312658	0.0528277968276	
0.0	0.0	0.0	1.0	
47	101	120	
0.98082495297	-0.00710782142604	-0.194765334481	0.162253925949	
0.0264651517222	0.994936111263	0.0969640551542	0.171688027235	
0.193089945629	-0.100258984368	0.976045367148	0.187764657052	
0.0	0.0	0.0	1.0	
47	102	120	
0.999303564821	0.0353982581012	-0.011842139244	0.168325115194	
-0.031629049399	0.971498232634	0.234930528065	0.223139183701	
0.0198213210509	-0.234391200685	0.971939190017	0.229205206178	
0.0	0.0	0.0	1.0	
48	53	120	
0.806655540738	0.0937307450084	-0.583543563597	0.462914702947	
0.132422689634	0.933579871086	0.333007475015	0.0864098581964	
0.575997336652	-0.345896548378	0.740664513547	-0.0478521383168	
0.0	0.0	0.0	1.0	
48	100	120	
