0	2	13	
0.954459891	-0.144202469	0.261174203	-0.311835	
0.168832927	0.982836917	-0.0743440474	-0.192537	
-0.245971054	0.115053217	0.962424542	0.0211015	
0.0	0.0	0.0	1.0	
1	3	13	
0.866378906391	-0.197456493485	0.45869218906	-0.501889864761	
0.235395743967	0.971541261715	-0.0263897573688	-0.146544922352	
-0.440427559463	0.130837717806	0.888203273872	0.0887716717356	
0.0	0.0	0.0	1.0	
2	4	13	
0.824069993191	-0.184305311652	0.535667992133	-0.587560930635	
0.217670647083	0.976021814005	0.000952374374565	0.0272399201418	
-0.522999172852	0.11581437485	0.844428147265	0.146612510386	
0.0	0.0	0.0	1.0	
6	8	13	
0.737485990754	-0.263187347256	0.621970124333	-0.57235581275	
0.200635737015	0.964744387512	0.170333696551	-0.186938486319	
-0.644871860259	-0.000829280969771	0.764290257621	0.256210737402	
0.0	0.0	0.0	1.0	
